# DATE: 2024-07-07  UNITS: metal  CONTRIBUTOR: By STUDENT			
# FHEP: Temp 77 [K], mr 1.71428571428571 [g/mol], Sigma 3.195 [A], Epsilon 0.00366325664804247 [eV]			
			
ENTRY			
N 1200 R 1.0 12.99			
			
1	1.00	4.980479E+04	5.276537E+05
2	1.01	4.361674E+04	4.561141E+05
3	1.02	3.825074E+04	3.948769E+05
4	1.03	3.359071E+04	3.423743E+05
5	1.04	2.953789E+04	2.972895E+05
6	1.05	2.600815E+04	2.585148E+05
7	1.06	2.292969E+04	2.251164E+05
8	1.07	2.024113E+04	1.963060E+05
9	1.08	1.788994E+04	1.714170E+05
10	1.09	1.583108E+04	1.498848E+05
11	1.10	1.402587E+04	1.312304E+05
12	1.11	1.244106E+04	1.150467E+05
13	1.12	1.104799E+04	1.009875E+05
14	1.13	9.821973E+03	8.875748E+04
15	1.14	8.741681E+03	7.810466E+04
16	1.15	7.788670E+03	6.881365E+04
17	1.16	6.946968E+03	6.070006E+04
18	1.17	6.202729E+03	5.360583E+04
19	1.18	5.543930E+03	4.739527E+04
20	1.19	4.960122E+03	4.195171E+04
21	1.20	4.442209E+03	3.717477E+04
22	1.21	3.982266E+03	3.297791E+04
23	1.22	3.573377E+03	2.928643E+04
24	1.23	3.209503E+03	2.603579E+04
25	1.24	2.885360E+03	2.317016E+04
26	1.25	2.596325E+03	2.064117E+04
27	1.26	2.338341E+03	1.840684E+04
28	1.27	2.107854E+03	1.643075E+04
29	1.28	1.901736E+03	1.468122E+04
30	1.29	1.717241E+03	1.313067E+04
31	1.30	1.551949E+03	1.175507E+04
32	1.31	1.403727E+03	1.053346E+04
33	1.32	1.270696E+03	9.447539E+03
34	1.33	1.151193E+03	8.481286E+03
35	1.34	1.043752E+03	7.620692E+03
36	1.35	9.470728E+02	6.853480E+03
37	1.36	8.600052E+02	6.168880E+03
38	1.37	7.815293E+02	5.557437E+03
39	1.38	7.107403E+02	5.010838E+03
40	1.39	6.468344E+02	4.521771E+03
41	1.40	5.890972E+02	4.083795E+03
42	1.41	5.368929E+02	3.691234E+03
43	1.42	4.896555E+02	3.339077E+03
44	1.43	4.468804E+02	3.022899E+03
45	1.44	4.081174E+02	2.738789E+03
46	1.45	3.729648E+02	2.483284E+03
47	1.46	3.410633E+02	2.253318E+03
48	1.47	3.120919E+02	2.046174E+03
49	1.48	2.857630E+02	1.859439E+03
50	1.49	2.618193E+02	1.690972E+03
51	1.50	2.400300E+02	1.538870E+03
52	1.51	2.201879E+02	1.401438E+03
53	1.52	2.021072E+02	1.277168E+03
54	1.53	1.856208E+02	1.164719E+03
55	1.54	1.705785E+02	1.062890E+03
56	1.55	1.568452E+02	9.706138E+02
57	1.56	1.442991E+02	8.869337E+02
58	1.57	1.328307E+02	8.109962E+02
59	1.58	1.223409E+02	7.420373E+02
60	1.59	1.127406E+02	6.793728E+02
61	1.60	1.039491E+02	6.223900E+02
62	1.61	9.589371E+01	5.705392E+02
63	1.62	8.850846E+01	5.233273E+02
64	1.63	8.173379E+01	4.803113E+02
65	1.64	7.551577E+01	4.410932E+02
66	1.65	6.980550E+01	4.053151E+02
67	1.66	6.455869E+01	3.726548E+02
68	1.67	5.973512E+01	3.428224E+02
69	1.68	5.529832E+01	3.155562E+02
70	1.69	5.121513E+01	2.906205E+02
71	1.70	4.745544E+01	2.678027E+02
72	1.71	4.399185E+01	2.469105E+02
73	1.72	4.079945E+01	2.277703E+02
74	1.73	3.785553E+01	2.102251E+02
75	1.74	3.513944E+01	1.941330E+02
76	1.75	3.263232E+01	1.793653E+02
77	1.76	3.031700E+01	1.658055E+02
78	1.77	2.817779E+01	1.533480E+02
79	1.78	2.620038E+01	1.418970E+02
80	1.79	2.437170E+01	1.313656E+02
81	1.80	2.267978E+01	1.216747E+02
82	1.81	2.111370E+01	1.127528E+02
83	1.82	1.966347E+01	1.045345E+02
84	1.83	1.831992E+01	9.696044E+01
85	1.84	1.707467E+01	8.997666E+01
86	1.85	1.592003E+01	8.353393E+01
87	1.86	1.484897E+01	7.758742E+01
88	1.87	1.385502E+01	7.209623E+01
89	1.88	1.293224E+01	6.702307E+01
90	1.89	1.207521E+01	6.233388E+01
91	1.90	1.127891E+01	5.799757E+01
92	1.91	1.053875E+01	5.398572E+01
93	1.92	9.850499E+00	5.027235E+01
94	1.93	9.210275E+00	4.683370E+01
95	1.94	8.614498E+00	4.364800E+01
96	1.95	8.059875E+00	4.069535E+01
97	1.96	7.543370E+00	3.795749E+01
98	1.97	7.062187E+00	3.541770E+01
99	1.98	6.613749E+00	3.306065E+01
100	1.99	6.195678E+00	3.087224E+01
101	2.00	5.805779E+00	2.883958E+01
102	2.01	5.442028E+00	2.695079E+01
103	2.02	5.102553E+00	2.519496E+01
104	2.03	4.785628E+00	2.356208E+01
105	2.04	4.489654E+00	2.204294E+01
106	2.05	4.213154E+00	2.062904E+01
107	2.06	3.954764E+00	1.931258E+01
108	2.07	3.713218E+00	1.808638E+01
109	2.08	3.487346E+00	1.694380E+01
110	2.09	3.276064E+00	1.587874E+01
111	2.10	3.078369E+00	1.488558E+01
112	2.11	2.893329E+00	1.395910E+01
113	2.12	2.720083E+00	1.309453E+01
114	2.13	2.557829E+00	1.228742E+01
115	2.14	2.405825E+00	1.153370E+01
116	2.15	2.263381E+00	1.082958E+01
117	2.16	2.129859E+00	1.017157E+01
118	2.17	2.004664E+00	9.556428E+00
119	2.18	1.887243E+00	8.981173E+00
120	2.19	1.777082E+00	8.443035E+00
121	2.20	1.673705E+00	7.939450E+00
122	2.21	1.576668E+00	7.468044E+00
123	2.22	1.485558E+00	7.026615E+00
124	2.23	1.399989E+00	6.613125E+00
125	2.24	1.319605E+00	6.225680E+00
126	2.25	1.244071E+00	5.862525E+00
127	2.26	1.173077E+00	5.522031E+00
128	2.27	1.106333E+00	5.202685E+00
129	2.28	1.043570E+00	4.903082E+00
130	2.29	9.845357E-01	4.621917E+00
131	2.30	9.289954E-01	4.357975E+00
132	2.31	8.767299E-01	4.110129E+00
133	2.32	8.275347E-01	3.877330E+00
134	2.33	7.812189E-01	3.658599E+00
135	2.34	7.376040E-01	3.453029E+00
136	2.35	6.965234E-01	3.259773E+00
137	2.36	6.578214E-01	3.078043E+00
138	2.37	6.213524E-01	2.907103E+00
139	2.38	5.869802E-01	2.746271E+00
140	2.39	5.545775E-01	2.594906E+00
141	2.40	5.240251E-01	2.452415E+00
142	2.41	4.952116E-01	2.318240E+00
143	2.42	4.680325E-01	2.191865E+00
144	2.43	4.423902E-01	2.072805E+00
145	2.44	4.181930E-01	1.960608E+00
146	2.45	3.953551E-01	1.854852E+00
147	2.46	3.737963E-01	1.755142E+00
148	2.47	3.534411E-01	1.661110E+00
149	2.48	3.342188E-01	1.572411E+00
150	2.49	3.160633E-01	1.488722E+00
151	2.50	2.989122E-01	1.409742E+00
152	2.51	2.827074E-01	1.335188E+00
153	2.52	2.673941E-01	1.264797E+00
154	2.53	2.529207E-01	1.198320E+00
155	2.54	2.392392E-01	1.135525E+00
156	2.55	2.263041E-01	1.076196E+00
157	2.56	2.140728E-01	1.020130E+00
158	2.57	2.025053E-01	9.671338E-01
159	2.58	1.915639E-01	9.170302E-01
160	2.59	1.812134E-01	8.696510E-01
161	2.60	1.714203E-01	8.248386E-01
162	2.61	1.621535E-01	7.824453E-01
163	2.62	1.533835E-01	7.423324E-01
164	2.63	1.450826E-01	7.043696E-01
165	2.64	1.372246E-01	6.684344E-01
166	2.65	1.297851E-01	6.344121E-01
167	2.66	1.227409E-01	6.021946E-01
168	2.67	1.160703E-01	5.716803E-01
169	2.68	1.097528E-01	5.427739E-01
170	2.69	1.037689E-01	5.153855E-01
171	2.70	9.810057E-02	4.894307E-01
172	2.71	9.273055E-02	4.648301E-01
173	2.72	8.764266E-02	4.415089E-01
174	2.73	8.282165E-02	4.193968E-01
175	2.74	7.825312E-02	3.984273E-01
176	2.75	7.392347E-02	3.785383E-01
177	2.76	6.981989E-02	3.596708E-01
178	2.77	6.593028E-02	3.417695E-01
179	2.78	6.224322E-02	3.247821E-01
180	2.79	5.874793E-02	3.086595E-01
181	2.80	5.543422E-02	2.933553E-01
182	2.81	5.229249E-02	2.788257E-01
183	2.82	4.931365E-02	2.650293E-01
184	2.83	4.648911E-02	2.519274E-01
185	2.84	4.381077E-02	2.394831E-01
186	2.85	4.127096E-02	2.276618E-01
187	2.86	3.886244E-02	2.164306E-01
188	2.87	3.657835E-02	2.057587E-01
189	2.88	3.441221E-02	1.956169E-01
190	2.89	3.235789E-02	1.859775E-01
191	2.90	3.040961E-02	1.768145E-01
192	2.91	2.856187E-02	1.681033E-01
193	2.92	2.680949E-02	1.598205E-01
194	2.93	2.514755E-02	1.519442E-01
195	2.94	2.357141E-02	1.444534E-01
196	2.95	2.207666E-02	1.373286E-01
197	2.96	2.065913E-02	1.305510E-01
198	2.97	1.931488E-02	1.241031E-01
199	2.98	1.804018E-02	1.179681E-01
200	2.99	1.683148E-02	1.121303E-01
201	3.00	1.568542E-02	1.065747E-01
202	3.01	1.459882E-02	1.012871E-01
203	3.02	1.356868E-02	9.625420E-02
204	3.03	1.259213E-02	9.146320E-02
205	3.04	1.166648E-02	8.690210E-02
206	3.05	1.078915E-02	8.255949E-02
207	3.06	9.957705E-03	7.842456E-02
208	3.07	9.169845E-03	7.448706E-02
209	3.08	8.423376E-03	7.073728E-02
210	3.09	7.716224E-03	6.716601E-02
211	3.10	7.046417E-03	6.376451E-02
212	3.11	6.412086E-03	6.052450E-02
213	3.12	5.811457E-03	5.743811E-02
214	3.13	5.242847E-03	5.449787E-02
215	3.14	4.704658E-03	5.169672E-02
216	3.15	4.195372E-03	4.902793E-02
217	3.16	3.713550E-03	4.648512E-02
218	3.17	3.257824E-03	4.406222E-02
219	3.18	2.826895E-03	4.175350E-02
220	3.19	2.419530E-03	3.955347E-02
221	3.20	2.034557E-03	3.745696E-02
222	3.21	1.670865E-03	3.545903E-02
223	3.22	1.327395E-03	3.355500E-02
224	3.23	1.003144E-03	3.174040E-02
225	3.24	6.971564E-04	3.001101E-02
226	3.25	4.085260E-04	2.836280E-02
227	3.26	1.363906E-04	2.679195E-02
228	3.27	-1.200688E-04	2.529482E-02
229	3.28	-3.616312E-04	2.386795E-02
230	3.29	-5.890367E-04	2.250804E-02
231	3.30	-8.029891E-04	2.121197E-02
232	3.31	-1.004158E-03	1.997676E-02
233	3.32	-1.193179E-03	1.879957E-02
234	3.33	-1.370657E-03	1.767770E-02
235	3.34	-1.537168E-03	1.660859E-02
236	3.35	-1.693260E-03	1.558979E-02
237	3.36	-1.839452E-03	1.461897E-02
238	3.37	-1.976241E-03	1.369392E-02
239	3.38	-2.104096E-03	1.281254E-02
240	3.39	-2.223466E-03	1.197280E-02
241	3.40	-2.334778E-03	1.117279E-02
242	3.41	-2.438436E-03	1.041070E-02
243	3.42	-2.534828E-03	9.684776E-03
244	3.43	-2.624320E-03	8.993372E-03
245	3.44	-2.707261E-03	8.334907E-03
246	3.45	-2.783985E-03	7.707878E-03
247	3.46	-2.854807E-03	7.110852E-03
248	3.47	-2.920030E-03	6.542461E-03
249	3.48	-2.979939E-03	6.001404E-03
250	3.49	-3.034808E-03	5.486438E-03
251	3.50	-3.084896E-03	4.996378E-03
252	3.51	-3.130450E-03	4.530095E-03
253	3.52	-3.171707E-03	4.086511E-03
254	3.53	-3.208889E-03	3.664598E-03
255	3.54	-3.242210E-03	3.263376E-03
256	3.55	-3.271873E-03	2.881909E-03
257	3.56	-3.298072E-03	2.519305E-03
258	3.57	-3.320990E-03	2.174712E-03
259	3.58	-3.340802E-03	1.847316E-03
260	3.59	-3.357675E-03	1.536343E-03
261	3.60	-3.371767E-03	1.241051E-03
262	3.61	-3.383231E-03	9.607328E-04
263	3.62	-3.392209E-03	6.947143E-04
264	3.63	-3.398838E-03	4.423508E-04
265	3.64	-3.403249E-03	2.030268E-04
266	3.65	-3.405566E-03	-2.384513E-05
267	3.66	-3.405906E-03	-2.388262E-04
268	3.67	-3.404382E-03	-4.424524E-04
269	3.68	-3.401102E-03	-6.352355E-04
270	3.69	-3.396166E-03	-8.176647E-04
271	3.70	-3.389672E-03	-9.902069E-04
272	3.71	-3.381712E-03	-1.153308E-03
273	3.72	-3.372373E-03	-1.307396E-03
274	3.73	-3.361739E-03	-1.452876E-03
275	3.74	-3.349890E-03	-1.590139E-03
276	3.75	-3.336901E-03	-1.719556E-03
277	3.76	-3.322844E-03	-1.841483E-03
278	3.77	-3.307787E-03	-1.956260E-03
279	3.78	-3.291795E-03	-2.064211E-03
280	3.79	-3.274930E-03	-2.165647E-03
281	3.80	-3.257251E-03	-2.260864E-03
282	3.81	-3.238814E-03	-2.350146E-03
283	3.82	-3.219672E-03	-2.433765E-03
284	3.83	-3.199876E-03	-2.511979E-03
285	3.84	-3.179472E-03	-2.585036E-03
286	3.85	-3.158509E-03	-2.653174E-03
287	3.86	-3.137027E-03	-2.716618E-03
288	3.87	-3.115069E-03	-2.775586E-03
289	3.88	-3.092675E-03	-2.830284E-03
290	3.89	-3.069880E-03	-2.880910E-03
291	3.90	-3.046720E-03	-2.927655E-03
292	3.91	-3.023229E-03	-2.970699E-03
293	3.92	-2.999438E-03	-3.010215E-03
294	3.93	-2.975378E-03	-3.046369E-03
295	3.94	-2.951078E-03	-3.079320E-03
296	3.95	-2.926563E-03	-3.109218E-03
297	3.96	-2.901861E-03	-3.136210E-03
298	3.97	-2.876995E-03	-3.160433E-03
299	3.98	-2.851988E-03	-3.182021E-03
300	3.99	-2.826862E-03	-3.201099E-03
301	4.00	-2.801639E-03	-3.217790E-03
302	4.01	-2.776337E-03	-3.232209E-03
303	4.02	-2.750975E-03	-3.244467E-03
304	4.03	-2.725570E-03	-3.254671E-03
305	4.04	-2.700140E-03	-3.262921E-03
306	4.05	-2.674699E-03	-3.269315E-03
307	4.06	-2.649263E-03	-3.273947E-03
308	4.07	-2.623845E-03	-3.276903E-03
309	4.08	-2.598458E-03	-3.278271E-03
310	4.09	-2.573116E-03	-3.278130E-03
311	4.10	-2.547829E-03	-3.276558E-03
312	4.11	-2.522608E-03	-3.273630E-03
313	4.12	-2.497464E-03	-3.269418E-03
314	4.13	-2.472407E-03	-3.263987E-03
315	4.14	-2.447445E-03	-3.257405E-03
316	4.15	-2.422587E-03	-3.249733E-03
317	4.16	-2.397842E-03	-3.241029E-03
318	4.17	-2.373216E-03	-3.231352E-03
319	4.18	-2.348716E-03	-3.220755E-03
320	4.19	-2.324350E-03	-3.209291E-03
321	4.20	-2.300123E-03	-3.197008E-03
322	4.21	-2.276041E-03	-3.183954E-03
323	4.22	-2.252109E-03	-3.170176E-03
324	4.23	-2.228332E-03	-3.155715E-03
325	4.24	-2.204715E-03	-3.140613E-03
326	4.25	-2.181261E-03	-3.124911E-03
327	4.26	-2.157975E-03	-3.108645E-03
328	4.27	-2.134860E-03	-3.091852E-03
329	4.28	-2.111920E-03	-3.074566E-03
330	4.29	-2.089157E-03	-3.056821E-03
331	4.30	-2.066574E-03	-3.038647E-03
332	4.31	-2.044174E-03	-3.020076E-03
333	4.32	-2.021958E-03	-3.001134E-03
334	4.33	-1.999930E-03	-2.981851E-03
335	4.34	-1.978089E-03	-2.962251E-03
336	4.35	-1.956439E-03	-2.942360E-03
337	4.36	-1.934981E-03	-2.922202E-03
338	4.37	-1.913715E-03	-2.901800E-03
339	4.38	-1.892642E-03	-2.881174E-03
340	4.39	-1.871764E-03	-2.860347E-03
341	4.40	-1.851081E-03	-2.839336E-03
342	4.41	-1.830594E-03	-2.818162E-03
343	4.42	-1.810303E-03	-2.796842E-03
344	4.43	-1.790208E-03	-2.775393E-03
345	4.44	-1.770310E-03	-2.753831E-03
346	4.45	-1.750608E-03	-2.732172E-03
347	4.46	-1.731103E-03	-2.710430E-03
348	4.47	-1.711794E-03	-2.688620E-03
349	4.48	-1.692681E-03	-2.666755E-03
350	4.49	-1.673763E-03	-2.644847E-03
351	4.50	-1.655040E-03	-2.622909E-03
352	4.51	-1.636511E-03	-2.600951E-03
353	4.52	-1.618176E-03	-2.578985E-03
354	4.53	-1.600035E-03	-2.557022E-03
355	4.54	-1.582085E-03	-2.535070E-03
356	4.55	-1.564327E-03	-2.513140E-03
357	4.56	-1.546759E-03	-2.491239E-03
358	4.57	-1.529381E-03	-2.469377E-03
359	4.58	-1.512191E-03	-2.447561E-03
360	4.59	-1.495189E-03	-2.425799E-03
361	4.60	-1.478372E-03	-2.404098E-03
362	4.61	-1.461741E-03	-2.382464E-03
363	4.62	-1.445294E-03	-2.360904E-03
364	4.63	-1.429029E-03	-2.339424E-03
365	4.64	-1.412946E-03	-2.318029E-03
366	4.65	-1.397042E-03	-2.296725E-03
367	4.66	-1.381317E-03	-2.275517E-03
368	4.67	-1.365770E-03	-2.254410E-03
369	4.68	-1.350398E-03	-2.233407E-03
370	4.69	-1.335201E-03	-2.212513E-03
371	4.70	-1.320177E-03	-2.191732E-03
372	4.71	-1.305324E-03	-2.171068E-03
373	4.72	-1.290642E-03	-2.150524E-03
374	4.73	-1.276128E-03	-2.130103E-03
375	4.74	-1.261781E-03	-2.109808E-03
376	4.75	-1.247600E-03	-2.089642E-03
377	4.76	-1.233582E-03	-2.069607E-03
378	4.77	-1.219728E-03	-2.049706E-03
379	4.78	-1.206034E-03	-2.029941E-03
380	4.79	-1.192500E-03	-2.010314E-03
381	4.80	-1.179124E-03	-1.990827E-03
382	4.81	-1.165904E-03	-1.971481E-03
383	4.82	-1.152839E-03	-1.952278E-03
384	4.83	-1.139927E-03	-1.933220E-03
385	4.84	-1.127166E-03	-1.914307E-03
386	4.85	-1.114556E-03	-1.895541E-03
387	4.86	-1.102095E-03	-1.876924E-03
388	4.87	-1.089780E-03	-1.858454E-03
389	4.88	-1.077611E-03	-1.840134E-03
390	4.89	-1.065586E-03	-1.821965E-03
391	4.90	-1.053704E-03	-1.803946E-03
392	4.91	-1.041962E-03	-1.786078E-03
393	4.92	-1.030359E-03	-1.768362E-03
394	4.93	-1.018894E-03	-1.750797E-03
395	4.94	-1.007566E-03	-1.733385E-03
396	4.95	-9.963721E-04	-1.716125E-03
397	4.96	-9.853116E-04	-1.699017E-03
398	4.97	-9.743829E-04	-1.682061E-03
399	4.98	-9.635845E-04	-1.665257E-03
400	4.99	-9.529148E-04	-1.648605E-03
401	5.00	-9.423725E-04	-1.632105E-03
402	5.01	-9.319561E-04	-1.615756E-03
403	5.02	-9.216641E-04	-1.599558E-03
404	5.03	-9.114951E-04	-1.583511E-03
405	5.04	-9.014476E-04	-1.567614E-03
406	5.05	-8.915203E-04	-1.551867E-03
407	5.06	-8.817117E-04	-1.536269E-03
408	5.07	-8.720205E-04	-1.520819E-03
409	5.08	-8.624452E-04	-1.505518E-03
410	5.09	-8.529845E-04	-1.490364E-03
411	5.10	-8.436371E-04	-1.475356E-03
412	5.11	-8.344015E-04	-1.460495E-03
413	5.12	-8.252765E-04	-1.445779E-03
414	5.13	-8.162607E-04	-1.431207E-03
415	5.14	-8.073528E-04	-1.416779E-03
416	5.15	-7.985515E-04	-1.402493E-03
417	5.16	-7.898556E-04	-1.388350E-03
418	5.17	-7.812637E-04	-1.374347E-03
419	5.18	-7.727746E-04	-1.360485E-03
420	5.19	-7.643870E-04	-1.346762E-03
421	5.20	-7.560998E-04	-1.333177E-03
422	5.21	-7.479116E-04	-1.319730E-03
423	5.22	-7.398213E-04	-1.306419E-03
424	5.23	-7.318276E-04	-1.293243E-03
425	5.24	-7.239295E-04	-1.280202E-03
426	5.25	-7.161256E-04	-1.267294E-03
427	5.26	-7.084149E-04	-1.254518E-03
428	5.27	-7.007962E-04	-1.241874E-03
429	5.28	-6.932684E-04	-1.229360E-03
430	5.29	-6.858303E-04	-1.216975E-03
431	5.30	-6.784808E-04	-1.204719E-03
432	5.31	-6.712188E-04	-1.192589E-03
433	5.32	-6.640433E-04	-1.180586E-03
434	5.33	-6.569532E-04	-1.168708E-03
435	5.34	-6.499473E-04	-1.156954E-03
436	5.35	-6.430248E-04	-1.145322E-03
437	5.36	-6.361844E-04	-1.133812E-03
438	5.37	-6.294252E-04	-1.122424E-03
439	5.38	-6.227462E-04	-1.111154E-03
440	5.39	-6.161464E-04	-1.100003E-03
441	5.40	-6.096248E-04	-1.088970E-03
442	5.41	-6.031803E-04	-1.078053E-03
443	5.42	-5.968121E-04	-1.067251E-03
444	5.43	-5.905192E-04	-1.056564E-03
445	5.44	-5.843006E-04	-1.045990E-03
446	5.45	-5.781555E-04	-1.035528E-03
447	5.46	-5.720828E-04	-1.025176E-03
448	5.47	-5.660817E-04	-1.014935E-03
449	5.48	-5.601513E-04	-1.004803E-03
450	5.49	-5.542906E-04	-9.947779E-04
451	5.50	-5.484989E-04	-9.848600E-04
452	5.51	-5.427753E-04	-9.750478E-04
453	5.52	-5.371188E-04	-9.653402E-04
454	5.53	-5.315286E-04	-9.557362E-04
455	5.54	-5.260040E-04	-9.462347E-04
456	5.55	-5.205441E-04	-9.368347E-04
457	5.56	-5.151480E-04	-9.275353E-04
458	5.57	-5.098150E-04	-9.183353E-04
459	5.58	-5.045443E-04	-9.092337E-04
460	5.59	-4.993351E-04	-9.002295E-04
461	5.60	-4.941865E-04	-8.913218E-04
462	5.61	-4.890980E-04	-8.825095E-04
463	5.62	-4.840686E-04	-8.737916E-04
464	5.63	-4.790977E-04	-8.651672E-04
465	5.64	-4.741846E-04	-8.566352E-04
466	5.65	-4.693284E-04	-8.481947E-04
467	5.66	-4.645285E-04	-8.398447E-04
468	5.67	-4.597842E-04	-8.315844E-04
469	5.68	-4.550947E-04	-8.234126E-04
470	5.69	-4.504595E-04	-8.153285E-04
471	5.70	-4.458777E-04	-8.073311E-04
472	5.71	-4.413488E-04	-7.994196E-04
473	5.72	-4.368720E-04	-7.915929E-04
474	5.73	-4.324468E-04	-7.838502E-04
475	5.74	-4.280724E-04	-7.761906E-04
476	5.75	-4.237482E-04	-7.686131E-04
477	5.76	-4.194737E-04	-7.611170E-04
478	5.77	-4.152481E-04	-7.537012E-04
479	5.78	-4.110709E-04	-7.463649E-04
480	5.79	-4.069415E-04	-7.391073E-04
481	5.80	-4.028592E-04	-7.319275E-04
482	5.81	-3.988236E-04	-7.248247E-04
483	5.82	-3.948339E-04	-7.177979E-04
484	5.83	-3.908896E-04	-7.108464E-04
485	5.84	-3.869902E-04	-7.039693E-04
486	5.85	-3.831350E-04	-6.971659E-04
487	5.86	-3.793236E-04	-6.904353E-04
488	5.87	-3.755554E-04	-6.837766E-04
489	5.88	-3.718299E-04	-6.771892E-04
490	5.89	-3.681465E-04	-6.706722E-04
491	5.90	-3.645047E-04	-6.642248E-04
492	5.91	-3.609039E-04	-6.578463E-04
493	5.92	-3.573438E-04	-6.515358E-04
494	5.93	-3.538237E-04	-6.452928E-04
495	5.94	-3.503432E-04	-6.391163E-04
496	5.95	-3.469018E-04	-6.330056E-04
497	5.96	-3.434990E-04	-6.269600E-04
498	5.97	-3.401343E-04	-6.209789E-04
499	5.98	-3.368072E-04	-6.150614E-04
500	5.99	-3.335174E-04	-6.092068E-04
501	6.00	-3.302643E-04	-6.034145E-04
502	6.01	-3.270474E-04	-5.976837E-04
503	6.02	-3.238664E-04	-5.920138E-04
504	6.03	-3.207207E-04	-5.864041E-04
505	6.04	-3.176100E-04	-5.808539E-04
506	6.05	-3.145339E-04	-5.753625E-04
507	6.06	-3.114918E-04	-5.699292E-04
508	6.07	-3.084834E-04	-5.645535E-04
509	6.08	-3.055082E-04	-5.592347E-04
510	6.09	-3.025660E-04	-5.539721E-04
511	6.10	-2.996561E-04	-5.487650E-04
512	6.11	-2.967784E-04	-5.436130E-04
513	6.12	-2.939323E-04	-5.385153E-04
514	6.13	-2.911174E-04	-5.334713E-04
515	6.14	-2.883335E-04	-5.284805E-04
516	6.15	-2.855801E-04	-5.235422E-04
517	6.16	-2.828568E-04	-5.186558E-04
518	6.17	-2.801633E-04	-5.138208E-04
519	6.18	-2.774993E-04	-5.090366E-04
520	6.19	-2.748643E-04	-5.043026E-04
521	6.20	-2.722580E-04	-4.996182E-04
522	6.21	-2.696800E-04	-4.949829E-04
523	6.22	-2.671301E-04	-4.903961E-04
524	6.23	-2.646079E-04	-4.858573E-04
525	6.24	-2.621130E-04	-4.813659E-04
526	6.25	-2.596451E-04	-4.769215E-04
527	6.26	-2.572039E-04	-4.725234E-04
528	6.27	-2.547891E-04	-4.681711E-04
529	6.28	-2.524003E-04	-4.638642E-04
530	6.29	-2.500372E-04	-4.596021E-04
531	6.30	-2.476996E-04	-4.553843E-04
532	6.31	-2.453871E-04	-4.512103E-04
533	6.32	-2.430994E-04	-4.470797E-04
534	6.33	-2.408362E-04	-4.429919E-04
535	6.34	-2.385973E-04	-4.389464E-04
536	6.35	-2.363823E-04	-4.349428E-04
537	6.36	-2.341909E-04	-4.309807E-04
538	6.37	-2.320229E-04	-4.270594E-04
539	6.38	-2.298780E-04	-4.231787E-04
540	6.39	-2.277560E-04	-4.193379E-04
541	6.40	-2.256564E-04	-4.155367E-04
542	6.41	-2.235792E-04	-4.117747E-04
543	6.42	-2.215239E-04	-4.080513E-04
544	6.43	-2.194904E-04	-4.043662E-04
545	6.44	-2.174784E-04	-4.007190E-04
546	6.45	-2.154877E-04	-3.971091E-04
547	6.46	-2.135179E-04	-3.935362E-04
548	6.47	-2.115688E-04	-3.899998E-04
549	6.48	-2.096403E-04	-3.864997E-04
550	6.49	-2.077320E-04	-3.830352E-04
551	6.50	-2.058437E-04	-3.796062E-04
552	6.51	-2.039752E-04	-3.762120E-04
553	6.52	-2.021263E-04	-3.728525E-04
554	6.53	-2.002967E-04	-3.695271E-04
555	6.54	-1.984861E-04	-3.662355E-04
556	6.55	-1.966944E-04	-3.629773E-04
557	6.56	-1.949214E-04	-3.597522E-04
558	6.57	-1.931668E-04	-3.565597E-04
559	6.58	-1.914304E-04	-3.533996E-04
560	6.59	-1.897121E-04	-3.502714E-04
561	6.60	-1.880115E-04	-3.471748E-04
562	6.61	-1.863285E-04	-3.441095E-04
563	6.62	-1.846629E-04	-3.410750E-04
564	6.63	-1.830144E-04	-3.380711E-04
565	6.64	-1.813830E-04	-3.350975E-04
566	6.65	-1.797683E-04	-3.321537E-04
567	6.66	-1.781702E-04	-3.292394E-04
568	6.67	-1.765885E-04	-3.263544E-04
569	6.68	-1.750231E-04	-3.234982E-04
570	6.69	-1.734736E-04	-3.206707E-04
571	6.70	-1.719400E-04	-3.178714E-04
572	6.71	-1.704220E-04	-3.151000E-04
573	6.72	-1.689195E-04	-3.123563E-04
574	6.73	-1.674324E-04	-3.096400E-04
575	6.74	-1.659603E-04	-3.069506E-04
576	6.75	-1.645032E-04	-3.042880E-04
577	6.76	-1.630609E-04	-3.016518E-04
578	6.77	-1.616331E-04	-2.990418E-04
579	6.78	-1.602199E-04	-2.964577E-04
580	6.79	-1.588209E-04	-2.938991E-04
581	6.80	-1.574360E-04	-2.913658E-04
582	6.81	-1.560650E-04	-2.888575E-04
583	6.82	-1.547079E-04	-2.863740E-04
584	6.83	-1.533644E-04	-2.839150E-04
585	6.84	-1.520344E-04	-2.814802E-04
586	6.85	-1.507177E-04	-2.790693E-04
587	6.86	-1.494143E-04	-2.766820E-04
588	6.87	-1.481238E-04	-2.743183E-04
589	6.88	-1.468462E-04	-2.719776E-04
590	6.89	-1.455814E-04	-2.696599E-04
591	6.90	-1.443292E-04	-2.673649E-04
592	6.91	-1.430894E-04	-2.650922E-04
593	6.92	-1.418620E-04	-2.628418E-04
594	6.93	-1.406467E-04	-2.606132E-04
595	6.94	-1.394435E-04	-2.584064E-04
596	6.95	-1.382522E-04	-2.562210E-04
597	6.96	-1.370726E-04	-2.540569E-04
598	6.97	-1.359048E-04	-2.519137E-04
599	6.98	-1.347484E-04	-2.497914E-04
600	6.99	-1.336034E-04	-2.476895E-04
601	7.00	-1.324696E-04	-2.456080E-04
602	7.01	-1.313470E-04	-2.435466E-04
603	7.02	-1.302355E-04	-2.415051E-04
604	7.03	-1.291348E-04	-2.394832E-04
605	7.04	-1.280448E-04	-2.374809E-04
606	7.05	-1.269655E-04	-2.354977E-04
607	7.06	-1.258968E-04	-2.335336E-04
608	7.07	-1.248385E-04	-2.315884E-04
609	7.08	-1.237904E-04	-2.296618E-04
610	7.09	-1.227526E-04	-2.277536E-04
611	7.10	-1.217248E-04	-2.258637E-04
612	7.11	-1.207070E-04	-2.239918E-04
613	7.12	-1.196991E-04	-2.221378E-04
614	7.13	-1.187009E-04	-2.203014E-04
615	7.14	-1.177123E-04	-2.184825E-04
616	7.15	-1.167333E-04	-2.166809E-04
617	7.16	-1.157637E-04	-2.148964E-04
618	7.17	-1.148034E-04	-2.131289E-04
619	7.18	-1.138524E-04	-2.113780E-04
620	7.19	-1.129105E-04	-2.096438E-04
621	7.20	-1.119776E-04	-2.079259E-04
622	7.21	-1.110537E-04	-2.062243E-04
623	7.22	-1.101386E-04	-2.045387E-04
624	7.23	-1.092322E-04	-2.028689E-04
625	7.24	-1.083345E-04	-2.012149E-04
626	7.25	-1.074453E-04	-1.995764E-04
627	7.26	-1.065646E-04	-1.979533E-04
628	7.27	-1.056922E-04	-1.963455E-04
629	7.28	-1.048281E-04	-1.947526E-04
630	7.29	-1.039723E-04	-1.931747E-04
631	7.30	-1.031245E-04	-1.916115E-04
632	7.31	-1.022847E-04	-1.900629E-04
633	7.32	-1.014529E-04	-1.885288E-04
634	7.33	-1.006289E-04	-1.870089E-04
635	7.34	-9.981263E-05	-1.855032E-04
636	7.35	-9.900406E-05	-1.840114E-04
637	7.36	-9.820310E-05	-1.825335E-04
638	7.37	-9.740964E-05	-1.810693E-04
639	7.38	-9.662362E-05	-1.796186E-04
640	7.39	-9.584496E-05	-1.781813E-04
641	7.40	-9.507358E-05	-1.767574E-04
642	7.41	-9.430939E-05	-1.753465E-04
643	7.42	-9.355233E-05	-1.739487E-04
644	7.43	-9.280232E-05	-1.725637E-04
645	7.44	-9.205928E-05	-1.711915E-04
646	7.45	-9.132314E-05	-1.698318E-04
647	7.46	-9.059383E-05	-1.684846E-04
648	7.47	-8.987128E-05	-1.671498E-04
649	7.48	-8.915542E-05	-1.658272E-04
650	7.49	-8.844617E-05	-1.645167E-04
651	7.50	-8.774346E-05	-1.632181E-04
652	7.51	-8.704724E-05	-1.619314E-04
653	7.52	-8.635742E-05	-1.606564E-04
654	7.53	-8.567395E-05	-1.593929E-04
655	7.54	-8.499675E-05	-1.581410E-04
656	7.55	-8.432577E-05	-1.569004E-04
657	7.56	-8.366093E-05	-1.556711E-04
658	7.57	-8.300218E-05	-1.544529E-04
659	7.58	-8.234944E-05	-1.532458E-04
660	7.59	-8.170267E-05	-1.520495E-04
661	7.60	-8.106179E-05	-1.508640E-04
662	7.61	-8.042674E-05	-1.496893E-04
663	7.62	-7.979747E-05	-1.485251E-04
664	7.63	-7.917391E-05	-1.473713E-04
665	7.64	-7.855601E-05	-1.462279E-04
666	7.65	-7.794371E-05	-1.450948E-04
667	7.66	-7.733695E-05	-1.439719E-04
668	7.67	-7.673567E-05	-1.428590E-04
669	7.68	-7.613982E-05	-1.417560E-04
670	7.69	-7.554935E-05	-1.406629E-04
671	7.70	-7.496418E-05	-1.395795E-04
672	7.71	-7.438429E-05	-1.385058E-04
673	7.72	-7.380959E-05	-1.374417E-04
674	7.73	-7.324006E-05	-1.363870E-04
675	7.74	-7.267563E-05	-1.353417E-04
676	7.75	-7.211625E-05	-1.343056E-04
677	7.76	-7.156187E-05	-1.332787E-04
678	7.77	-7.101243E-05	-1.322609E-04
679	7.78	-7.046790E-05	-1.312522E-04
680	7.79	-6.992822E-05	-1.302523E-04
681	7.80	-6.939334E-05	-1.292612E-04
682	7.81	-6.886320E-05	-1.282788E-04
683	7.82	-6.833778E-05	-1.273051E-04
684	7.83	-6.781701E-05	-1.263400E-04
685	7.84	-6.730085E-05	-1.253833E-04
686	7.85	-6.678925E-05	-1.244350E-04
687	7.86	-6.628217E-05	-1.234951E-04
688	7.87	-6.577956E-05	-1.225633E-04
689	7.88	-6.528138E-05	-1.216397E-04
690	7.89	-6.478758E-05	-1.207241E-04
691	7.90	-6.429812E-05	-1.198165E-04
692	7.91	-6.381296E-05	-1.189169E-04
693	7.92	-6.333205E-05	-1.180250E-04
694	7.93	-6.285535E-05	-1.171409E-04
695	7.94	-6.238282E-05	-1.162645E-04
696	7.95	-6.191442E-05	-1.153956E-04
697	7.96	-6.145010E-05	-1.145343E-04
698	7.97	-6.098983E-05	-1.136805E-04
699	7.98	-6.053357E-05	-1.128340E-04
700	7.99	-6.008127E-05	-1.119948E-04
701	8.00	-5.963290E-05	-1.111628E-04
702	8.01	-5.918842E-05	-1.103380E-04
703	8.02	-5.874779E-05	-1.095203E-04
704	8.03	-5.831097E-05	-1.087096E-04
705	8.04	-5.787792E-05	-1.079059E-04
706	8.05	-5.744861E-05	-1.071091E-04
707	8.06	-5.702300E-05	-1.063191E-04
708	8.07	-5.660106E-05	-1.055358E-04
709	8.08	-5.618275E-05	-1.047592E-04
710	8.09	-5.576803E-05	-1.039893E-04
711	8.10	-5.535686E-05	-1.032259E-04
712	8.11	-5.494923E-05	-1.024690E-04
713	8.12	-5.454508E-05	-1.017185E-04
714	8.13	-5.414438E-05	-1.009744E-04
715	8.14	-5.374711E-05	-1.002366E-04
716	8.15	-5.335322E-05	-9.950512E-05
717	8.16	-5.296269E-05	-9.877978E-05
718	8.17	-5.257549E-05	-9.806057E-05
719	8.18	-5.219157E-05	-9.734744E-05
720	8.19	-5.181092E-05	-9.664032E-05
721	8.20	-5.143349E-05	-9.593916E-05
722	8.21	-5.105925E-05	-9.524389E-05
723	8.22	-5.068819E-05	-9.455447E-05
724	8.23	-5.032026E-05	-9.387084E-05
725	8.24	-4.995543E-05	-9.319294E-05
726	8.25	-4.959368E-05	-9.252072E-05
727	8.26	-4.923497E-05	-9.185413E-05
728	8.27	-4.887929E-05	-9.119310E-05
729	8.28	-4.852659E-05	-9.053760E-05
730	8.29	-4.817684E-05	-8.988756E-05
731	8.30	-4.783003E-05	-8.924294E-05
732	8.31	-4.748613E-05	-8.860367E-05
733	8.32	-4.714509E-05	-8.796973E-05
734	8.33	-4.680691E-05	-8.734104E-05
735	8.34	-4.647155E-05	-8.671757E-05
736	8.35	-4.613898E-05	-8.609926E-05
737	8.36	-4.580918E-05	-8.548607E-05
738	8.37	-4.548212E-05	-8.487794E-05
739	8.38	-4.515777E-05	-8.427484E-05
740	8.39	-4.483612E-05	-8.367671E-05
741	8.40	-4.451713E-05	-8.308350E-05
742	8.41	-4.420078E-05	-8.249518E-05
743	8.42	-4.388704E-05	-8.191169E-05
744	8.43	-4.357590E-05	-8.133300E-05
745	8.44	-4.326732E-05	-8.075904E-05
746	8.45	-4.296128E-05	-8.018979E-05
747	8.46	-4.265776E-05	-7.962520E-05
748	8.47	-4.235673E-05	-7.906522E-05
749	8.48	-4.205817E-05	-7.850981E-05
750	8.49	-4.176207E-05	-7.795893E-05
751	8.50	-4.146838E-05	-7.741254E-05
752	8.51	-4.117710E-05	-7.687060E-05
753	8.52	-4.088820E-05	-7.633306E-05
754	8.53	-4.060166E-05	-7.579988E-05
755	8.54	-4.031745E-05	-7.527103E-05
756	8.55	-4.003556E-05	-7.474646E-05
757	8.56	-3.975596E-05	-7.422614E-05
758	8.57	-3.947863E-05	-7.371003E-05
759	8.58	-3.920355E-05	-7.319808E-05
760	8.59	-3.893070E-05	-7.269025E-05
761	8.60	-3.866006E-05	-7.218653E-05
762	8.61	-3.839161E-05	-7.168685E-05
763	8.62	-3.812533E-05	-7.119119E-05
764	8.63	-3.786120E-05	-7.069951E-05
765	8.64	-3.759920E-05	-7.021178E-05
766	8.65	-3.733930E-05	-6.972795E-05
767	8.66	-3.708150E-05	-6.924800E-05
768	8.67	-3.682576E-05	-6.877188E-05
769	8.68	-3.657208E-05	-6.829956E-05
770	8.69	-3.632044E-05	-6.783102E-05
771	8.70	-3.607080E-05	-6.736620E-05
772	8.71	-3.582316E-05	-6.690509E-05
773	8.72	-3.557751E-05	-6.644764E-05
774	8.73	-3.533381E-05	-6.599383E-05
775	8.74	-3.509205E-05	-6.554362E-05
776	8.75	-3.485222E-05	-6.509697E-05
777	8.76	-3.461430E-05	-6.465386E-05
778	8.77	-3.437826E-05	-6.421426E-05
779	8.78	-3.414410E-05	-6.377812E-05
780	8.79	-3.391179E-05	-6.334543E-05
781	8.80	-3.368133E-05	-6.291615E-05
782	8.81	-3.345268E-05	-6.249025E-05
783	8.82	-3.322585E-05	-6.206770E-05
784	8.83	-3.300080E-05	-6.164847E-05
785	8.84	-3.277753E-05	-6.123253E-05
786	8.85	-3.255601E-05	-6.081986E-05
787	8.86	-3.233624E-05	-6.041041E-05
788	8.87	-3.211819E-05	-6.000416E-05
789	8.88	-3.190186E-05	-5.960110E-05
790	8.89	-3.168722E-05	-5.920117E-05
791	8.90	-3.147426E-05	-5.880437E-05
792	8.91	-3.126296E-05	-5.841066E-05
793	8.92	-3.105332E-05	-5.802001E-05
794	8.93	-3.084531E-05	-5.763239E-05
795	8.94	-3.063893E-05	-5.724779E-05
796	8.95	-3.043415E-05	-5.686617E-05
797	8.96	-3.023097E-05	-5.648751E-05
798	8.97	-3.002936E-05	-5.611177E-05
799	8.98	-2.982932E-05	-5.573894E-05
800	8.99	-2.963083E-05	-5.536900E-05
801	9.00	-2.943388E-05	-5.500190E-05
802	9.01	-2.923845E-05	-5.463764E-05
803	9.02	-2.904453E-05	-5.427618E-05
804	9.03	-2.885211E-05	-5.391749E-05
805	9.04	-2.866117E-05	-5.356157E-05
806	9.05	-2.847171E-05	-5.320837E-05
807	9.06	-2.828370E-05	-5.285789E-05
808	9.07	-2.809713E-05	-5.251008E-05
809	9.08	-2.791200E-05	-5.216494E-05
810	9.09	-2.772829E-05	-5.182244E-05
811	9.10	-2.754599E-05	-5.148254E-05
812	9.11	-2.736508E-05	-5.114525E-05
813	9.12	-2.718555E-05	-5.081052E-05
814	9.13	-2.700740E-05	-5.047833E-05
815	9.14	-2.683061E-05	-5.014868E-05
816	9.15	-2.665516E-05	-4.982152E-05
817	9.16	-2.648105E-05	-4.949685E-05
818	9.17	-2.630826E-05	-4.917464E-05
819	9.18	-2.613678E-05	-4.885486E-05
820	9.19	-2.596661E-05	-4.853751E-05
821	9.20	-2.579772E-05	-4.822255E-05
822	9.21	-2.563012E-05	-4.790997E-05
823	9.22	-2.546378E-05	-4.759974E-05
824	9.23	-2.529870E-05	-4.729185E-05
825	9.24	-2.513486E-05	-4.698628E-05
826	9.25	-2.497226E-05	-4.668300E-05
827	9.26	-2.481088E-05	-4.638200E-05
828	9.27	-2.465072E-05	-4.608325E-05
829	9.28	-2.449177E-05	-4.578675E-05
830	9.29	-2.433400E-05	-4.549246E-05
831	9.30	-2.417742E-05	-4.520037E-05
832	9.31	-2.402201E-05	-4.491046E-05
833	9.32	-2.386777E-05	-4.462272E-05
834	9.33	-2.371467E-05	-4.433712E-05
835	9.34	-2.356273E-05	-4.405364E-05
836	9.35	-2.341191E-05	-4.377228E-05
837	9.36	-2.326222E-05	-4.349300E-05
838	9.37	-2.311364E-05	-4.321580E-05
839	9.38	-2.296617E-05	-4.294065E-05
840	9.39	-2.281980E-05	-4.266754E-05
841	9.40	-2.267451E-05	-4.239645E-05
842	9.41	-2.253029E-05	-4.212736E-05
843	9.42	-2.238715E-05	-4.186026E-05
844	9.43	-2.224506E-05	-4.159513E-05
845	9.44	-2.210403E-05	-4.133196E-05
846	9.45	-2.196403E-05	-4.107072E-05
847	9.46	-2.182507E-05	-4.081140E-05
848	9.47	-2.168713E-05	-4.055398E-05
849	9.48	-2.155021E-05	-4.029846E-05
850	9.49	-2.141429E-05	-4.004480E-05
851	9.50	-2.127937E-05	-3.979301E-05
852	9.51	-2.114545E-05	-3.954306E-05
853	9.52	-2.101250E-05	-3.929493E-05
854	9.53	-2.088053E-05	-3.904861E-05
855	9.54	-2.074952E-05	-3.880409E-05
856	9.55	-2.061947E-05	-3.856136E-05
857	9.56	-2.049036E-05	-3.832039E-05
858	9.57	-2.036220E-05	-3.808117E-05
859	9.58	-2.023498E-05	-3.784369E-05
860	9.59	-2.010868E-05	-3.760793E-05
861	9.60	-1.998329E-05	-3.737388E-05
862	9.61	-1.985882E-05	-3.714152E-05
863	9.62	-1.973525E-05	-3.691085E-05
864	9.63	-1.961258E-05	-3.668184E-05
865	9.64	-1.949079E-05	-3.645449E-05
866	9.65	-1.936988E-05	-3.622877E-05
867	9.66	-1.924985E-05	-3.600468E-05
868	9.67	-1.913069E-05	-3.578221E-05
869	9.68	-1.901238E-05	-3.556133E-05
870	9.69	-1.889492E-05	-3.534204E-05
871	9.70	-1.877832E-05	-3.512433E-05
872	9.71	-1.866254E-05	-3.490817E-05
873	9.72	-1.854760E-05	-3.469357E-05
874	9.73	-1.843349E-05	-3.448050E-05
875	9.74	-1.832019E-05	-3.426895E-05
876	9.75	-1.820770E-05	-3.405891E-05
877	9.76	-1.809602E-05	-3.385037E-05
878	9.77	-1.798514E-05	-3.364331E-05
879	9.78	-1.787504E-05	-3.343773E-05
880	9.79	-1.776573E-05	-3.323361E-05
881	9.80	-1.765720E-05	-3.303095E-05
882	9.81	-1.754945E-05	-3.282972E-05
883	9.82	-1.744245E-05	-3.262991E-05
884	9.83	-1.733622E-05	-3.243152E-05
885	9.84	-1.723074E-05	-3.223454E-05
886	9.85	-1.712601E-05	-3.203895E-05
887	9.86	-1.702202E-05	-3.184474E-05
888	9.87	-1.691877E-05	-3.165190E-05
889	9.88	-1.681624E-05	-3.146042E-05
890	9.89	-1.671444E-05	-3.127028E-05
891	9.90	-1.661336E-05	-3.108149E-05
892	9.91	-1.651299E-05	-3.089402E-05
893	9.92	-1.641332E-05	-3.070787E-05
894	9.93	-1.631436E-05	-3.052302E-05
895	9.94	-1.621609E-05	-3.033947E-05
896	9.95	-1.611851E-05	-3.015720E-05
897	9.96	-1.602162E-05	-2.997621E-05
898	9.97	-1.592540E-05	-2.979648E-05
899	9.98	-1.582986E-05	-2.961800E-05
900	9.99	-1.573498E-05	-2.944077E-05
901	10.00	-1.564077E-05	-2.926478E-05
902	10.01	-1.554721E-05	-2.909001E-05
903	10.02	-1.545430E-05	-2.891645E-05
904	10.03	-1.536204E-05	-2.874410E-05
905	10.04	-1.527043E-05	-2.857295E-05
906	10.05	-1.517945E-05	-2.840298E-05
907	10.06	-1.508910E-05	-2.823419E-05
908	10.07	-1.499938E-05	-2.806656E-05
909	10.08	-1.491028E-05	-2.790010E-05
910	10.09	-1.482179E-05	-2.773478E-05
911	10.10	-1.473392E-05	-2.757061E-05
912	10.11	-1.464665E-05	-2.740756E-05
913	10.12	-1.455999E-05	-2.724564E-05
914	10.13	-1.447392E-05	-2.708483E-05
915	10.14	-1.438845E-05	-2.692513E-05
916	10.15	-1.430356E-05	-2.676652E-05
917	10.16	-1.421926E-05	-2.660901E-05
918	10.17	-1.413554E-05	-2.645257E-05
919	10.18	-1.405239E-05	-2.629720E-05
920	10.19	-1.396981E-05	-2.614289E-05
921	10.20	-1.388779E-05	-2.598964E-05
922	10.21	-1.380634E-05	-2.583743E-05
923	10.22	-1.372545E-05	-2.568626E-05
924	10.23	-1.364510E-05	-2.553612E-05
925	10.24	-1.356530E-05	-2.538701E-05
926	10.25	-1.348605E-05	-2.523890E-05
927	10.26	-1.340734E-05	-2.509180E-05
928	10.27	-1.332916E-05	-2.494571E-05
929	10.28	-1.325151E-05	-2.480060E-05
930	10.29	-1.317439E-05	-2.465647E-05
931	10.30	-1.309779E-05	-2.451332E-05
932	10.31	-1.302172E-05	-2.437114E-05
933	10.32	-1.294615E-05	-2.422991E-05
934	10.33	-1.287110E-05	-2.408964E-05
935	10.34	-1.279655E-05	-2.395032E-05
936	10.35	-1.272251E-05	-2.381193E-05
937	10.36	-1.264897E-05	-2.367448E-05
938	10.37	-1.257592E-05	-2.353794E-05
939	10.38	-1.250336E-05	-2.340233E-05
940	10.39	-1.243129E-05	-2.326763E-05
941	10.40	-1.235971E-05	-2.313382E-05
942	10.41	-1.228860E-05	-2.300092E-05
943	10.42	-1.221797E-05	-2.286890E-05
944	10.43	-1.214782E-05	-2.273777E-05
945	10.44	-1.207813E-05	-2.260751E-05
946	10.45	-1.200891E-05	-2.247812E-05
947	10.46	-1.194015E-05	-2.234959E-05
948	10.47	-1.187185E-05	-2.222192E-05
949	10.48	-1.180401E-05	-2.209509E-05
950	10.49	-1.173662E-05	-2.196911E-05
951	10.50	-1.166967E-05	-2.184397E-05
952	10.51	-1.160317E-05	-2.171966E-05
953	10.52	-1.153711E-05	-2.159617E-05
954	10.53	-1.147149E-05	-2.147350E-05
955	10.54	-1.140631E-05	-2.135164E-05
956	10.55	-1.134156E-05	-2.123058E-05
957	10.56	-1.127723E-05	-2.111032E-05
958	10.57	-1.121333E-05	-2.099086E-05
959	10.58	-1.114985E-05	-2.087219E-05
960	10.59	-1.108679E-05	-2.075429E-05
961	10.60	-1.102415E-05	-2.063717E-05
962	10.61	-1.096192E-05	-2.052083E-05
963	10.62	-1.090010E-05	-2.040524E-05
964	10.63	-1.083868E-05	-2.029041E-05
965	10.64	-1.077767E-05	-2.017634E-05
966	10.65	-1.071705E-05	-2.006301E-05
967	10.66	-1.065684E-05	-1.995043E-05
968	10.67	-1.059702E-05	-1.983858E-05
969	10.68	-1.053759E-05	-1.972746E-05
970	10.69	-1.047855E-05	-1.961706E-05
971	10.70	-1.041989E-05	-1.950739E-05
972	10.71	-1.036162E-05	-1.939843E-05
973	10.72	-1.030372E-05	-1.929017E-05
974	10.73	-1.024621E-05	-1.918263E-05
975	10.74	-1.018906E-05	-1.907577E-05
976	10.75	-1.013229E-05	-1.896962E-05
977	10.76	-1.007589E-05	-1.886415E-05
978	10.77	-1.001985E-05	-1.875936E-05
979	10.78	-9.964178E-06	-1.865525E-05
980	10.79	-9.908865E-06	-1.855182E-05
981	10.80	-9.853909E-06	-1.844905E-05
982	10.81	-9.799309E-06	-1.834695E-05
983	10.82	-9.745061E-06	-1.824550E-05
984	10.83	-9.691163E-06	-1.814471E-05
985	10.84	-9.637612E-06	-1.804456E-05
986	10.85	-9.584406E-06	-1.794506E-05
987	10.86	-9.531543E-06	-1.784620E-05
988	10.87	-9.479019E-06	-1.774797E-05
989	10.88	-9.426832E-06	-1.765038E-05
990	10.89	-9.374981E-06	-1.755340E-05
991	10.90	-9.323461E-06	-1.745705E-05
992	10.91	-9.272272E-06	-1.736132E-05
993	10.92	-9.221410E-06	-1.726619E-05
994	10.93	-9.170873E-06	-1.717168E-05
995	10.94	-9.120659E-06	-1.707776E-05
996	10.95	-9.070765E-06	-1.698444E-05
997	10.96	-9.021189E-06	-1.689172E-05
998	10.97	-8.971929E-06	-1.679959E-05
999	10.98	-8.922983E-06	-1.670804E-05
1000	10.99	-8.874347E-06	-1.661708E-05
1001	11.00	-8.826021E-06	-1.652669E-05
1002	11.01	-8.778001E-06	-1.643687E-05
1003	11.02	-8.730286E-06	-1.634762E-05
1004	11.03	-8.682873E-06	-1.625894E-05
1005	11.04	-8.635760E-06	-1.617082E-05
1006	11.05	-8.588945E-06	-1.608325E-05
1007	11.06	-8.542425E-06	-1.599624E-05
1008	11.07	-8.496200E-06	-1.590977E-05
1009	11.08	-8.450265E-06	-1.582385E-05
1010	11.09	-8.404620E-06	-1.573847E-05
1011	11.10	-8.359263E-06	-1.565362E-05
1012	11.11	-8.314191E-06	-1.556931E-05
1013	11.12	-8.269402E-06	-1.548553E-05
1014	11.13	-8.224894E-06	-1.540227E-05
1015	11.14	-8.180665E-06	-1.531954E-05
1016	11.15	-8.136713E-06	-1.523732E-05
1017	11.16	-8.093037E-06	-1.515561E-05
1018	11.17	-8.049634E-06	-1.507442E-05
1019	11.18	-8.006502E-06	-1.499373E-05
1020	11.19	-7.963639E-06	-1.491355E-05
1021	11.20	-7.921044E-06	-1.483387E-05
1022	11.21	-7.878714E-06	-1.475468E-05
1023	11.22	-7.836648E-06	-1.467598E-05
1024	11.23	-7.794844E-06	-1.459777E-05
1025	11.24	-7.753300E-06	-1.452005E-05
1026	11.25	-7.712013E-06	-1.444281E-05
1027	11.26	-7.670983E-06	-1.436605E-05
1028	11.27	-7.630207E-06	-1.428977E-05
1029	11.28	-7.589684E-06	-1.421395E-05
1030	11.29	-7.549412E-06	-1.413861E-05
1031	11.30	-7.509388E-06	-1.406373E-05
1032	11.31	-7.469612E-06	-1.398931E-05
1033	11.32	-7.430082E-06	-1.391535E-05
1034	11.33	-7.390795E-06	-1.384185E-05
1035	11.34	-7.351750E-06	-1.376880E-05
1036	11.35	-7.312946E-06	-1.369620E-05
1037	11.36	-7.274380E-06	-1.362404E-05
1038	11.37	-7.236052E-06	-1.355233E-05
1039	11.38	-7.197959E-06	-1.348106E-05
1040	11.39	-7.160099E-06	-1.341022E-05
1041	11.40	-7.122472E-06	-1.333982E-05
1042	11.41	-7.085075E-06	-1.326984E-05
1043	11.42	-7.047907E-06	-1.320030E-05
1044	11.43	-7.010966E-06	-1.313118E-05
1045	11.44	-6.974251E-06	-1.306248E-05
1046	11.45	-6.937760E-06	-1.299420E-05
1047	11.46	-6.901491E-06	-1.292634E-05
1048	11.47	-6.865443E-06	-1.285889E-05
1049	11.48	-6.829615E-06	-1.279185E-05
1050	11.49	-6.794005E-06	-1.272521E-05
1051	11.50	-6.758611E-06	-1.265898E-05
1052	11.51	-6.723432E-06	-1.259316E-05
1053	11.52	-6.688466E-06	-1.252773E-05
1054	11.53	-6.653713E-06	-1.246269E-05
1055	11.54	-6.619169E-06	-1.239806E-05
1056	11.55	-6.584835E-06	-1.233381E-05
1057	11.56	-6.550709E-06	-1.226995E-05
1058	11.57	-6.516788E-06	-1.220647E-05
1059	11.58	-6.483072E-06	-1.214338E-05
1060	11.59	-6.449560E-06	-1.208066E-05
1061	11.60	-6.416249E-06	-1.201833E-05
1062	11.61	-6.383139E-06	-1.195637E-05
1063	11.62	-6.350228E-06	-1.189478E-05
1064	11.63	-6.317515E-06	-1.183356E-05
1065	11.64	-6.284998E-06	-1.177271E-05
1066	11.65	-6.252676E-06	-1.171222E-05
1067	11.66	-6.220548E-06	-1.165210E-05
1068	11.67	-6.188613E-06	-1.159233E-05
1069	11.68	-6.156868E-06	-1.153292E-05
1070	11.69	-6.125314E-06	-1.147387E-05
1071	11.70	-6.093947E-06	-1.141517E-05
1072	11.71	-6.062768E-06	-1.135682E-05
1073	11.72	-6.031775E-06	-1.129881E-05
1074	11.73	-6.000967E-06	-1.124115E-05
1075	11.74	-5.970342E-06	-1.118384E-05
1076	11.75	-5.939899E-06	-1.112686E-05
1077	11.76	-5.909637E-06	-1.107023E-05
1078	11.77	-5.879555E-06	-1.101392E-05
1079	11.78	-5.849651E-06	-1.095796E-05
1080	11.79	-5.819924E-06	-1.090232E-05
1081	11.80	-5.790374E-06	-1.084701E-05
1082	11.81	-5.760998E-06	-1.079203E-05
1083	11.82	-5.731796E-06	-1.073738E-05
1084	11.83	-5.702767E-06	-1.068305E-05
1085	11.84	-5.673909E-06	-1.062903E-05
1086	11.85	-5.645221E-06	-1.057534E-05
1087	11.86	-5.616703E-06	-1.052196E-05
1088	11.87	-5.588352E-06	-1.046890E-05
1089	11.88	-5.560168E-06	-1.041614E-05
1090	11.89	-5.532149E-06	-1.036370E-05
1091	11.90	-5.504296E-06	-1.031157E-05
1092	11.91	-5.476605E-06	-1.025974E-05
1093	11.92	-5.449077E-06	-1.020821E-05
1094	11.93	-5.421711E-06	-1.015699E-05
1095	11.94	-5.394504E-06	-1.010606E-05
1096	11.95	-5.367457E-06	-1.005544E-05
1097	11.96	-5.340567E-06	-1.000510E-05
1098	11.97	-5.313835E-06	-9.955066E-06
1099	11.98	-5.287259E-06	-9.905319E-06
1100	11.99	-5.260837E-06	-9.855862E-06
1101	12.00	-5.234570E-06	-9.806693E-06
1102	12.01	-5.208455E-06	-9.757810E-06
1103	12.02	-5.182492E-06	-9.709211E-06
1104	12.03	-5.156680E-06	-9.660893E-06
1105	12.04	-5.131018E-06	-9.612856E-06
1106	12.05	-5.105505E-06	-9.565098E-06
1107	12.06	-5.080140E-06	-9.517615E-06
1108	12.07	-5.054921E-06	-9.470408E-06
1109	12.08	-5.029849E-06	-9.423473E-06
1110	12.09	-5.004921E-06	-9.376809E-06
1111	12.10	-4.980137E-06	-9.330415E-06
1112	12.11	-4.955497E-06	-9.284288E-06
1113	12.12	-4.930998E-06	-9.238427E-06
1114	12.13	-4.906641E-06	-9.192830E-06
1115	12.14	-4.882424E-06	-9.147495E-06
1116	12.15	-4.858346E-06	-9.102421E-06
1117	12.16	-4.834407E-06	-9.057605E-06
1118	12.17	-4.810605E-06	-9.013047E-06
1119	12.18	-4.786940E-06	-8.968744E-06
1120	12.19	-4.763410E-06	-8.924695E-06
1121	12.20	-4.740015E-06	-8.880898E-06
1122	12.21	-4.716755E-06	-8.837351E-06
1123	12.22	-4.693627E-06	-8.794053E-06
1124	12.23	-4.670631E-06	-8.751003E-06
1125	12.24	-4.647767E-06	-8.708198E-06
1126	12.25	-4.625033E-06	-8.665637E-06
1127	12.26	-4.602429E-06	-8.623318E-06
1128	12.27	-4.579953E-06	-8.581241E-06
1129	12.28	-4.557606E-06	-8.539402E-06
1130	12.29	-4.535386E-06	-8.497802E-06
1131	12.30	-4.513291E-06	-8.456437E-06
1132	12.31	-4.491323E-06	-8.415307E-06
1133	12.32	-4.469479E-06	-8.374411E-06
1134	12.33	-4.447759E-06	-8.333745E-06
1135	12.34	-4.426162E-06	-8.293310E-06
1136	12.35	-4.404687E-06	-8.253104E-06
1137	12.36	-4.383333E-06	-8.213125E-06
1138	12.37	-4.362100E-06	-8.173371E-06
1139	12.38	-4.340988E-06	-8.133842E-06
1140	12.39	-4.319994E-06	-8.094536E-06
1141	12.40	-4.299118E-06	-8.055451E-06
1142	12.41	-4.278361E-06	-8.016585E-06
1143	12.42	-4.257719E-06	-7.977939E-06
1144	12.43	-4.237195E-06	-7.939509E-06
1145	12.44	-4.216785E-06	-7.901295E-06
1146	12.45	-4.196490E-06	-7.863296E-06
1147	12.46	-4.176309E-06	-7.825510E-06
1148	12.47	-4.156241E-06	-7.787935E-06
1149	12.48	-4.136285E-06	-7.750570E-06
1150	12.49	-4.116441E-06	-7.713415E-06
1151	12.50	-4.096708E-06	-7.676467E-06
1152	12.51	-4.077086E-06	-7.639725E-06
1153	12.52	-4.057572E-06	-7.603188E-06
1154	12.53	-4.038168E-06	-7.566855E-06
1155	12.54	-4.018872E-06	-7.530724E-06
1156	12.55	-3.999683E-06	-7.494794E-06
1157	12.56	-3.980602E-06	-7.459064E-06
1158	12.57	-3.961626E-06	-7.423533E-06
1159	12.58	-3.942756E-06	-7.388199E-06
1160	12.59	-3.923990E-06	-7.353060E-06
1161	12.60	-3.905329E-06	-7.318117E-06
1162	12.61	-3.886771E-06	-7.283367E-06
1163	12.62	-3.868316E-06	-7.248809E-06
1164	12.63	-3.849963E-06	-7.214443E-06
1165	12.64	-3.831711E-06	-7.180266E-06
1166	12.65	-3.813561E-06	-7.146278E-06
1167	12.66	-3.795510E-06	-7.112478E-06
1168	12.67	-3.777559E-06	-7.078864E-06
1169	12.68	-3.759708E-06	-7.045435E-06
1170	12.69	-3.741954E-06	-7.012190E-06
1171	12.70	-3.724298E-06	-6.979128E-06
1172	12.71	-3.706740E-06	-6.946248E-06
1173	12.72	-3.689278E-06	-6.913548E-06
1174	12.73	-3.671911E-06	-6.881027E-06
1175	12.74	-3.654640E-06	-6.848685E-06
1176	12.75	-3.637464E-06	-6.816520E-06
1177	12.76	-3.620382E-06	-6.784531E-06
1178	12.77	-3.603393E-06	-6.752717E-06
1179	12.78	-3.586497E-06	-6.721077E-06
1180	12.79	-3.569694E-06	-6.689610E-06
1181	12.80	-3.552982E-06	-6.658314E-06
1182	12.81	-3.536362E-06	-6.627189E-06
1183	12.82	-3.519832E-06	-6.596234E-06
1184	12.83	-3.503392E-06	-6.565447E-06
1185	12.84	-3.487042E-06	-6.534827E-06
1186	12.85	-3.470781E-06	-6.504374E-06
1187	12.86	-3.454608E-06	-6.474087E-06
1188	12.87	-3.438523E-06	-6.443964E-06
1189	12.88	-3.422525E-06	-6.414004E-06
1190	12.89	-3.406614E-06	-6.384206E-06
1191	12.90	-3.390790E-06	-6.354570E-06
1192	12.91	-3.375051E-06	-6.325095E-06
1193	12.92	-3.359397E-06	-6.295778E-06
1194	12.93	-3.343828E-06	-6.266620E-06
1195	12.94	-3.328342E-06	-6.237619E-06
1196	12.95	-3.312941E-06	-6.208775E-06
1197	12.96	-3.297623E-06	-6.180086E-06
1198	12.97	-3.282387E-06	-6.151552E-06
1199	12.98	-3.267233E-06	-6.123171E-06
1200	12.99	-3.252161E-06	-6.094943E-06
