# DATE: 2024-07-07  UNITS: metal  CONTRIBUTOR: By STUDENT			
# FHEP: Temp 77 [K], mr 1 [g/mol], Sigma 2.96 [A], Epsilon 0.002947127975604 [eV]			
			
ENTRY			
N 1200 R 1.0 12.99			
			
1	1.00	2.365146E+04	2.782123E+05
2	1.01	2.066824E+04	2.401984E+05
3	1.02	1.808651E+04	2.076921E+05
4	1.03	1.584892E+04	1.798513E+05
5	1.04	1.390679E+04	1.559693E+05
6	1.05	1.221870E+04	1.354517E+05
7	1.06	1.074937E+04	1.177982E+05
8	1.07	9.468712E+03	1.025865E+05
9	1.08	8.350987E+03	8.945994E+04
10	1.09	7.374183E+03	7.811660E+04
11	1.10	6.519427E+03	6.830055E+04
12	1.11	5.770519E+03	5.979451E+04
13	1.12	5.113532E+03	5.241372E+04
14	1.13	4.536477E+03	4.600085E+04
15	1.14	4.029019E+03	4.042172E+04
16	1.15	3.582236E+03	3.556172E+04
17	1.16	3.188416E+03	3.132284E+04
18	1.17	2.840885E+03	2.762114E+04
19	1.18	2.533858E+03	2.438460E+04
20	1.19	2.262314E+03	2.155139E+04
21	1.20	2.021892E+03	1.906833E+04
22	1.21	1.808800E+03	1.688963E+04
23	1.22	1.619731E+03	1.497581E+04
24	1.23	1.451805E+03	1.329277E+04
25	1.24	1.302506E+03	1.181107E+04
26	1.25	1.169635E+03	1.050519E+04
27	1.26	1.051269E+03	9.353042E+03
28	1.27	9.457231E+02	8.335461E+03
29	1.28	8.515186E+02	7.435798E+03
30	1.29	7.673584E+02	6.639577E+03
31	1.30	6.921024E+02	5.934195E+03
32	1.31	6.247475E+02	5.308670E+03
33	1.32	5.644106E+02	4.753420E+03
34	1.33	5.103129E+02	4.260077E+03
35	1.34	4.617673E+02	3.821322E+03
36	1.35	4.181669E+02	3.430753E+03
37	1.36	3.789752E+02	3.082756E+03
38	1.37	3.437173E+02	2.772410E+03
39	1.38	3.119725E+02	2.495394E+03
40	1.39	2.833678E+02	2.247911E+03
41	1.40	2.575724E+02	2.026620E+03
42	1.41	2.342923E+02	1.828579E+03
43	1.42	2.132660E+02	1.651196E+03
44	1.43	1.942611E+02	1.492184E+03
45	1.44	1.770704E+02	1.349522E+03
46	1.45	1.615094E+02	1.221425E+03
47	1.46	1.474133E+02	1.106316E+03
48	1.47	1.346352E+02	1.002794E+03
49	1.48	1.230437E+02	9.096211E+02
50	1.49	1.125213E+02	8.256984E+02
51	1.50	1.029629E+02	7.500500E+02
52	1.51	9.427433E+01	6.818090E+02
53	1.52	8.637121E+01	6.202046E+02
54	1.53	7.917781E+01	5.645509E+02
55	1.54	7.262617E+01	5.142367E+02
56	1.55	6.665524E+01	4.687176E+02
57	1.56	6.121013E+01	4.275075E+02
58	1.57	5.624146E+01	3.901727E+02
59	1.58	5.170477E+01	3.563256E+02
60	1.59	4.756000E+01	3.256197E+02
61	1.60	4.377105E+01	2.977449E+02
62	1.61	4.030533E+01	2.724235E+02
63	1.62	3.713344E+01	2.494065E+02
64	1.63	3.422881E+01	2.284709E+02
65	1.64	3.156742E+01	2.094163E+02
66	1.65	2.912755E+01	1.920628E+02
67	1.66	2.688952E+01	1.762488E+02
68	1.67	2.483553E+01	1.618288E+02
69	1.68	2.294944E+01	1.486720E+02
70	1.69	2.121661E+01	1.366606E+02
71	1.70	1.962376E+01	1.256885E+02
72	1.71	1.815882E+01	1.156597E+02
73	1.72	1.681084E+01	1.064880E+02
74	1.73	1.556987E+01	9.809527E+01
75	1.74	1.442684E+01	9.041107E+01
76	1.75	1.337351E+01	8.337165E+01
77	1.76	1.240237E+01	7.691936E+01
78	1.77	1.150659E+01	7.100202E+01
79	1.78	1.067993E+01	6.557236E+01
80	1.79	9.916697E+00	6.058754E+01
81	1.80	9.211710E+00	5.600870E+01
82	1.81	8.560228E+00	5.180061E+01
83	1.82	7.957922E+00	4.793126E+01
84	1.83	7.400835E+00	4.437157E+01
85	1.84	6.885347E+00	4.109513E+01
86	1.85	6.408149E+00	3.807789E+01
87	1.86	5.966209E+00	3.529800E+01
88	1.87	5.556752E+00	3.273553E+01
89	1.88	5.177232E+00	3.037236E+01
90	1.89	4.825319E+00	2.819194E+01
91	1.90	4.498873E+00	2.617921E+01
92	1.91	4.195930E+00	2.432040E+01
93	1.92	3.914688E+00	2.260297E+01
94	1.93	3.653493E+00	2.101543E+01
95	1.94	3.410821E+00	1.954731E+01
96	1.95	3.185276E+00	1.818902E+01
97	1.96	2.975570E+00	1.693181E+01
98	1.97	2.780518E+00	1.576763E+01
99	1.98	2.599033E+00	1.468915E+01
100	1.99	2.430108E+00	1.368963E+01
101	2.00	2.272821E+00	1.276291E+01
102	2.01	2.126317E+00	1.190333E+01
103	2.02	1.989811E+00	1.110569E+01
104	2.03	1.862578E+00	1.036524E+01
105	2.04	1.743947E+00	9.677602E+00
106	2.05	1.633301E+00	9.038750E+00
107	2.06	1.530068E+00	8.444995E+00
108	2.07	1.433721E+00	7.892940E+00
109	2.08	1.343773E+00	7.379459E+00
110	2.09	1.259771E+00	6.901676E+00
111	2.10	1.181299E+00	6.456944E+00
112	2.11	1.107970E+00	6.042823E+00
113	2.12	1.039427E+00	5.657065E+00
114	2.13	9.753388E-01	5.297597E+00
115	2.14	9.153977E-01	4.962508E+00
116	2.15	8.593195E-01	4.650035E+00
117	2.16	8.068404E-01	4.358549E+00
118	2.17	7.577158E-01	4.086546E+00
119	2.18	7.117186E-01	3.832638E+00
120	2.19	6.686380E-01	3.595540E+00
121	2.20	6.282784E-01	3.374066E+00
122	2.21	5.904579E-01	3.167119E+00
123	2.22	5.550077E-01	2.973681E+00
124	2.23	5.217707E-01	2.792814E+00
125	2.24	4.906009E-01	2.623645E+00
126	2.25	4.613627E-01	2.465370E+00
127	2.26	4.339295E-01	2.317239E+00
128	2.27	4.081839E-01	2.178560E+00
129	2.28	3.840163E-01	2.048691E+00
130	2.29	3.613249E-01	1.927036E+00
131	2.30	3.400145E-01	1.813040E+00
132	2.31	3.199968E-01	1.706191E+00
133	2.32	3.011891E-01	1.606011E+00
134	2.33	2.835146E-01	1.512058E+00
135	2.34	2.669015E-01	1.423918E+00
136	2.35	2.512827E-01	1.341210E+00
137	2.36	2.365959E-01	1.263577E+00
138	2.37	2.227826E-01	1.190689E+00
139	2.38	2.097884E-01	1.122235E+00
140	2.39	1.975624E-01	1.057931E+00
141	2.40	1.860570E-01	9.975074E-01
142	2.41	1.752278E-01	9.407164E-01
143	2.42	1.650332E-01	8.873257E-01
144	2.43	1.554344E-01	8.371191E-01
145	2.44	1.463949E-01	7.898949E-01
146	2.45	1.378809E-01	7.454649E-01
147	2.46	1.298604E-01	7.036538E-01
148	2.47	1.223036E-01	6.642977E-01
149	2.48	1.151827E-01	6.272438E-01
150	2.49	1.084716E-01	5.923492E-01
151	2.50	1.021457E-01	5.594805E-01
152	2.51	9.618204E-02	5.285132E-01
153	2.52	9.055918E-02	4.993307E-01
154	2.53	8.525694E-02	4.718241E-01
155	2.54	8.025640E-02	4.458915E-01
156	2.55	7.553982E-02	4.214377E-01
157	2.56	7.109056E-02	3.983734E-01
158	2.57	6.689300E-02	3.766153E-01
159	2.58	6.293247E-02	3.560851E-01
160	2.59	5.919521E-02	3.367096E-01
161	2.60	5.566830E-02	3.184204E-01
162	2.61	5.233958E-02	3.011531E-01
163	2.62	4.919765E-02	2.848475E-01
164	2.63	4.623179E-02	2.694472E-01
165	2.64	4.343192E-02	2.548992E-01
166	2.65	4.078855E-02	2.411539E-01
167	2.66	3.829280E-02	2.281646E-01
168	2.67	3.593626E-02	2.158877E-01
169	2.68	3.371107E-02	2.042820E-01
170	2.69	3.160979E-02	1.933091E-01
171	2.70	2.962546E-02	1.829326E-01
172	2.71	2.775150E-02	1.731187E-01
173	2.72	2.598173E-02	1.638352E-01
174	2.73	2.431031E-02	1.550523E-01
175	2.74	2.273176E-02	1.467416E-01
176	2.75	2.124091E-02	1.388765E-01
177	2.76	1.983289E-02	1.314322E-01
178	2.77	1.850312E-02	1.243851E-01
179	2.78	1.724725E-02	1.177131E-01
180	2.79	1.606123E-02	1.113953E-01
181	2.80	1.494120E-02	1.054122E-01
182	2.81	1.388353E-02	9.974537E-02
183	2.82	1.288480E-02	9.437735E-02
184	2.83	1.194179E-02	8.929180E-02
185	2.84	1.105146E-02	8.447330E-02
186	2.85	1.021092E-02	7.990730E-02
187	2.86	9.417470E-03	7.558011E-02
188	2.87	8.668546E-03	7.147880E-02
189	2.88	7.961732E-03	6.759118E-02
190	2.89	7.294745E-03	6.390576E-02
191	2.90	6.665428E-03	6.041169E-02
192	2.91	6.071747E-03	5.709875E-02
193	2.92	5.511777E-03	5.395727E-02
194	2.93	4.983701E-03	5.097813E-02
195	2.94	4.485801E-03	4.815274E-02
196	2.95	4.016453E-03	4.547296E-02
197	2.96	3.574123E-03	4.293111E-02
198	2.97	3.157361E-03	4.051993E-02
199	2.98	2.764794E-03	3.823258E-02
200	2.99	2.395125E-03	3.606257E-02
201	3.00	2.047128E-03	3.400379E-02
202	3.01	1.719643E-03	3.205043E-02
203	3.02	1.411570E-03	3.019704E-02
204	3.03	1.121873E-03	2.843843E-02
205	3.04	8.495682E-04	2.676970E-02
206	3.05	5.937254E-04	2.518622E-02
207	3.06	3.534647E-04	2.368361E-02
208	3.07	1.279530E-04	2.225772E-02
209	3.08	-8.359835E-05	2.090462E-02
210	3.09	-2.819360E-04	1.962059E-02
211	3.10	-4.677669E-04	1.840211E-02
212	3.11	-6.417604E-04	1.724585E-02
213	3.12	-8.045505E-04	1.614865E-02
214	3.13	-9.567377E-04	1.510752E-02
215	3.14	-1.098891E-03	1.411961E-02
216	3.15	-1.231548E-03	1.318226E-02
217	3.16	-1.355220E-03	1.229290E-02
218	3.17	-1.470391E-03	1.144913E-02
219	3.18	-1.577518E-03	1.064867E-02
220	3.19	-1.677036E-03	9.889326E-03
221	3.20	-1.769356E-03	9.169060E-03
222	3.21	-1.854868E-03	8.485915E-03
223	3.22	-1.933941E-03	7.838041E-03
224	3.23	-2.006926E-03	7.223681E-03
225	3.24	-2.074155E-03	6.641170E-03
226	3.25	-2.135942E-03	6.088925E-03
227	3.26	-2.192586E-03	5.565447E-03
228	3.27	-2.244370E-03	5.069311E-03
229	3.28	-2.291561E-03	4.599165E-03
230	3.29	-2.334414E-03	4.153723E-03
231	3.30	-2.373169E-03	3.731768E-03
232	3.31	-2.408057E-03	3.332142E-03
233	3.32	-2.439292E-03	2.953743E-03
234	3.33	-2.467081E-03	2.595529E-03
235	3.34	-2.491618E-03	2.256505E-03
236	3.35	-2.513089E-03	1.935729E-03
237	3.36	-2.531668E-03	1.632305E-03
238	3.37	-2.547521E-03	1.345380E-03
239	3.38	-2.560807E-03	1.074147E-03
240	3.39	-2.571674E-03	8.178340E-04
241	3.40	-2.580264E-03	5.757108E-04
242	3.41	-2.586711E-03	3.470816E-04
243	3.42	-2.591143E-03	1.312850E-04
244	3.43	-2.593681E-03	-7.230769E-05
245	3.44	-2.594439E-03	-2.642947E-04
246	3.45	-2.593525E-03	-4.452448E-04
247	3.46	-2.591043E-03	-6.156991E-04
248	3.47	-2.587091E-03	-7.761723E-04
249	3.48	-2.581759E-03	-9.271541E-04
250	3.49	-2.575137E-03	-1.069111E-03
251	3.50	-2.567308E-03	-1.202485E-03
252	3.51	-2.558350E-03	-1.327699E-03
253	3.52	-2.548338E-03	-1.445154E-03
254	3.53	-2.537342E-03	-1.555233E-03
255	3.54	-2.525430E-03	-1.658299E-03
256	3.55	-2.512666E-03	-1.754698E-03
257	3.56	-2.499108E-03	-1.844761E-03
258	3.57	-2.484816E-03	-1.928799E-03
259	3.58	-2.469841E-03	-2.007114E-03
260	3.59	-2.454237E-03	-2.079988E-03
261	3.60	-2.438050E-03	-2.147693E-03
262	3.61	-2.421327E-03	-2.210486E-03
263	3.62	-2.404111E-03	-2.268614E-03
264	3.63	-2.386443E-03	-2.322310E-03
265	3.64	-2.368362E-03	-2.371796E-03
266	3.65	-2.349905E-03	-2.417285E-03
267	3.66	-2.331107E-03	-2.458979E-03
268	3.67	-2.311999E-03	-2.497071E-03
269	3.68	-2.292614E-03	-2.531743E-03
270	3.69	-2.272981E-03	-2.563171E-03
271	3.70	-2.253127E-03	-2.591520E-03
272	3.71	-2.233079E-03	-2.616949E-03
273	3.72	-2.212861E-03	-2.639609E-03
274	3.73	-2.192496E-03	-2.659644E-03
275	3.74	-2.172007E-03	-2.677191E-03
276	3.75	-2.151414E-03	-2.692380E-03
277	3.76	-2.130737E-03	-2.705336E-03
278	3.77	-2.109995E-03	-2.716176E-03
279	3.78	-2.089204E-03	-2.725015E-03
280	3.79	-2.068381E-03	-2.731959E-03
281	3.80	-2.047541E-03	-2.737110E-03
282	3.81	-2.026699E-03	-2.740567E-03
283	3.82	-2.005868E-03	-2.742422E-03
284	3.83	-1.985062E-03	-2.742764E-03
285	3.84	-1.964291E-03	-2.741676E-03
286	3.85	-1.943568E-03	-2.739241E-03
287	3.86	-1.922902E-03	-2.735533E-03
288	3.87	-1.902304E-03	-2.730625E-03
289	3.88	-1.881782E-03	-2.724588E-03
290	3.89	-1.861346E-03	-2.717488E-03
291	3.90	-1.841004E-03	-2.709386E-03
292	3.91	-1.820762E-03	-2.700344E-03
293	3.92	-1.800627E-03	-2.690418E-03
294	3.93	-1.780607E-03	-2.679663E-03
295	3.94	-1.760708E-03	-2.668130E-03
296	3.95	-1.740934E-03	-2.655869E-03
297	3.96	-1.721291E-03	-2.642926E-03
298	3.97	-1.701783E-03	-2.629347E-03
299	3.98	-1.682416E-03	-2.615173E-03
300	3.99	-1.663193E-03	-2.600445E-03
301	4.00	-1.644117E-03	-2.585203E-03
302	4.01	-1.625193E-03	-2.569481E-03
303	4.02	-1.606422E-03	-2.553315E-03
304	4.03	-1.587809E-03	-2.536739E-03
305	4.04	-1.569355E-03	-2.519783E-03
306	4.05	-1.551063E-03	-2.502478E-03
307	4.06	-1.532934E-03	-2.484852E-03
308	4.07	-1.514971E-03	-2.466932E-03
309	4.08	-1.497175E-03	-2.448744E-03
310	4.09	-1.479547E-03	-2.430312E-03
311	4.10	-1.462089E-03	-2.411659E-03
312	4.11	-1.444802E-03	-2.392808E-03
313	4.12	-1.427685E-03	-2.373780E-03
314	4.13	-1.410741E-03	-2.354593E-03
315	4.14	-1.393969E-03	-2.335268E-03
316	4.15	-1.377371E-03	-2.315822E-03
317	4.16	-1.360945E-03	-2.296272E-03
318	4.17	-1.344692E-03	-2.276633E-03
319	4.18	-1.328613E-03	-2.256922E-03
320	4.19	-1.312707E-03	-2.237153E-03
321	4.20	-1.296973E-03	-2.217339E-03
322	4.21	-1.281412E-03	-2.197493E-03
323	4.22	-1.266023E-03	-2.177628E-03
324	4.23	-1.250805E-03	-2.157754E-03
325	4.24	-1.235758E-03	-2.137884E-03
326	4.25	-1.220882E-03	-2.118027E-03
327	4.26	-1.206175E-03	-2.098193E-03
328	4.27	-1.191636E-03	-2.078392E-03
329	4.28	-1.177265E-03	-2.058631E-03
330	4.29	-1.163061E-03	-2.038920E-03
331	4.30	-1.149023E-03	-2.019265E-03
332	4.31	-1.135150E-03	-1.999675E-03
333	4.32	-1.121440E-03	-1.980156E-03
334	4.33	-1.107893E-03	-1.960714E-03
335	4.34	-1.094507E-03	-1.941355E-03
336	4.35	-1.081282E-03	-1.922086E-03
337	4.36	-1.068215E-03	-1.902911E-03
338	4.37	-1.055306E-03	-1.883835E-03
339	4.38	-1.042553E-03	-1.864863E-03
340	4.39	-1.029956E-03	-1.845999E-03
341	4.40	-1.017512E-03	-1.827248E-03
342	4.41	-1.005220E-03	-1.808612E-03
343	4.42	-9.930797E-04	-1.790096E-03
344	4.43	-9.810886E-04	-1.771703E-03
345	4.44	-9.692456E-04	-1.753435E-03
346	4.45	-9.575493E-04	-1.735295E-03
347	4.46	-9.459983E-04	-1.717287E-03
348	4.47	-9.345911E-04	-1.699411E-03
349	4.48	-9.233262E-04	-1.681671E-03
350	4.49	-9.122022E-04	-1.664068E-03
351	4.50	-9.012177E-04	-1.646604E-03
352	4.51	-8.903711E-04	-1.629281E-03
353	4.52	-8.796609E-04	-1.612100E-03
354	4.53	-8.690858E-04	-1.595062E-03
355	4.54	-8.586441E-04	-1.578168E-03
356	4.55	-8.483345E-04	-1.561420E-03
357	4.56	-8.381555E-04	-1.544818E-03
358	4.57	-8.281055E-04	-1.528363E-03
359	4.58	-8.181832E-04	-1.512055E-03
360	4.59	-8.083871E-04	-1.495895E-03
361	4.60	-7.987156E-04	-1.479884E-03
362	4.61	-7.891674E-04	-1.464021E-03
363	4.62	-7.797410E-04	-1.448308E-03
364	4.63	-7.704349E-04	-1.432743E-03
365	4.64	-7.612478E-04	-1.417327E-03
366	4.65	-7.521782E-04	-1.402060E-03
367	4.66	-7.432246E-04	-1.386942E-03
368	4.67	-7.343857E-04	-1.371972E-03
369	4.68	-7.256601E-04	-1.357151E-03
370	4.69	-7.170464E-04	-1.342477E-03
371	4.70	-7.085431E-04	-1.327951E-03
372	4.71	-7.001490E-04	-1.313572E-03
373	4.72	-6.918627E-04	-1.299340E-03
374	4.73	-6.836828E-04	-1.285253E-03
375	4.74	-6.756080E-04	-1.271312E-03
376	4.75	-6.676369E-04	-1.257515E-03
377	4.76	-6.597683E-04	-1.243862E-03
378	4.77	-6.520009E-04	-1.230352E-03
379	4.78	-6.443333E-04	-1.216985E-03
380	4.79	-6.367642E-04	-1.203759E-03
381	4.80	-6.292925E-04	-1.190674E-03
382	4.81	-6.219169E-04	-1.177729E-03
383	4.82	-6.146360E-04	-1.164923E-03
384	4.83	-6.074488E-04	-1.152255E-03
385	4.84	-6.003539E-04	-1.139724E-03
386	4.85	-5.933503E-04	-1.127329E-03
387	4.86	-5.864366E-04	-1.115068E-03
388	4.87	-5.796117E-04	-1.102942E-03
389	4.88	-5.728744E-04	-1.090949E-03
390	4.89	-5.662236E-04	-1.079088E-03
391	4.90	-5.596582E-04	-1.067358E-03
392	4.91	-5.531770E-04	-1.055758E-03
393	4.92	-5.467789E-04	-1.044286E-03
394	4.93	-5.404628E-04	-1.032942E-03
395	4.94	-5.342277E-04	-1.021725E-03
396	4.95	-5.280724E-04	-1.010633E-03
397	4.96	-5.219959E-04	-9.996653E-04
398	4.97	-5.159971E-04	-9.888207E-04
399	4.98	-5.100750E-04	-9.780982E-04
400	4.99	-5.042286E-04	-9.674966E-04
401	5.00	-4.984569E-04	-9.570147E-04
402	5.01	-4.927588E-04	-9.466514E-04
403	5.02	-4.871334E-04	-9.364056E-04
404	5.03	-4.815797E-04	-9.262761E-04
405	5.04	-4.760968E-04	-9.162618E-04
406	5.05	-4.706836E-04	-9.063615E-04
407	5.06	-4.653393E-04	-8.965741E-04
408	5.07	-4.600630E-04	-8.868984E-04
409	5.08	-4.548536E-04	-8.773334E-04
410	5.09	-4.497103E-04	-8.678777E-04
411	5.10	-4.446323E-04	-8.585304E-04
412	5.11	-4.396186E-04	-8.492903E-04
413	5.12	-4.346684E-04	-8.401563E-04
414	5.13	-4.297808E-04	-8.311272E-04
415	5.14	-4.249550E-04	-8.222019E-04
416	5.15	-4.201901E-04	-8.133793E-04
417	5.16	-4.154853E-04	-8.046583E-04
418	5.17	-4.108398E-04	-7.960379E-04
419	5.18	-4.062529E-04	-7.875168E-04
420	5.19	-4.017236E-04	-7.790940E-04
421	5.20	-3.972513E-04	-7.707684E-04
422	5.21	-3.928351E-04	-7.625390E-04
423	5.22	-3.884743E-04	-7.544047E-04
424	5.23	-3.841682E-04	-7.463644E-04
425	5.24	-3.799160E-04	-7.384170E-04
426	5.25	-3.757170E-04	-7.305615E-04
427	5.26	-3.715704E-04	-7.227970E-04
428	5.27	-3.674756E-04	-7.151222E-04
429	5.28	-3.634319E-04	-7.075363E-04
430	5.29	-3.594385E-04	-7.000382E-04
431	5.30	-3.554948E-04	-6.926268E-04
432	5.31	-3.516001E-04	-6.853013E-04
433	5.32	-3.477538E-04	-6.780606E-04
434	5.33	-3.439552E-04	-6.709037E-04
435	5.34	-3.402036E-04	-6.638296E-04
436	5.35	-3.364985E-04	-6.568374E-04
437	5.36	-3.328392E-04	-6.499262E-04
438	5.37	-3.292250E-04	-6.430949E-04
439	5.38	-3.256554E-04	-6.363427E-04
440	5.39	-3.221298E-04	-6.296686E-04
441	5.40	-3.186476E-04	-6.230717E-04
442	5.41	-3.152082E-04	-6.165511E-04
443	5.42	-3.118110E-04	-6.101058E-04
444	5.43	-3.084554E-04	-6.037351E-04
445	5.44	-3.051409E-04	-5.974379E-04
446	5.45	-3.018670E-04	-5.912135E-04
447	5.46	-2.986331E-04	-5.850610E-04
448	5.47	-2.954387E-04	-5.789794E-04
449	5.48	-2.922832E-04	-5.729680E-04
450	5.49	-2.891661E-04	-5.670260E-04
451	5.50	-2.860869E-04	-5.611524E-04
452	5.51	-2.830451E-04	-5.553465E-04
453	5.52	-2.800401E-04	-5.496075E-04
454	5.53	-2.770716E-04	-5.439345E-04
455	5.54	-2.741390E-04	-5.383267E-04
456	5.55	-2.712419E-04	-5.327835E-04
457	5.56	-2.683797E-04	-5.273039E-04
458	5.57	-2.655520E-04	-5.218873E-04
459	5.58	-2.627583E-04	-5.165328E-04
460	5.59	-2.599983E-04	-5.112397E-04
461	5.60	-2.572713E-04	-5.060073E-04
462	5.61	-2.545771E-04	-5.008349E-04
463	5.62	-2.519152E-04	-4.957216E-04
464	5.63	-2.492850E-04	-4.906669E-04
465	5.64	-2.466863E-04	-4.856699E-04
466	5.65	-2.441187E-04	-4.807300E-04
467	5.66	-2.415816E-04	-4.758466E-04
468	5.67	-2.390747E-04	-4.710188E-04
469	5.68	-2.365975E-04	-4.662460E-04
470	5.69	-2.341498E-04	-4.615276E-04
471	5.70	-2.317311E-04	-4.568629E-04
472	5.71	-2.293410E-04	-4.522513E-04
473	5.72	-2.269792E-04	-4.476920E-04
474	5.73	-2.246453E-04	-4.431845E-04
475	5.74	-2.223389E-04	-4.387281E-04
476	5.75	-2.200596E-04	-4.343223E-04
477	5.76	-2.178072E-04	-4.299663E-04
478	5.77	-2.155812E-04	-4.256597E-04
479	5.78	-2.133813E-04	-4.214017E-04
480	5.79	-2.112071E-04	-4.171918E-04
481	5.80	-2.090584E-04	-4.130294E-04
482	5.81	-2.069348E-04	-4.089140E-04
483	5.82	-2.048360E-04	-4.048449E-04
484	5.83	-2.027616E-04	-4.008216E-04
485	5.84	-2.007113E-04	-3.968435E-04
486	5.85	-1.986849E-04	-3.929101E-04
487	5.86	-1.966820E-04	-3.890209E-04
488	5.87	-1.947023E-04	-3.851753E-04
489	5.88	-1.927455E-04	-3.813727E-04
490	5.89	-1.908113E-04	-3.776127E-04
491	5.90	-1.888994E-04	-3.738948E-04
492	5.91	-1.870095E-04	-3.702183E-04
493	5.92	-1.851414E-04	-3.665829E-04
494	5.93	-1.832948E-04	-3.629880E-04
495	5.94	-1.814694E-04	-3.594331E-04
496	5.95	-1.796648E-04	-3.559178E-04
497	5.96	-1.778810E-04	-3.524415E-04
498	5.97	-1.761175E-04	-3.490038E-04
499	5.98	-1.743741E-04	-3.456042E-04
500	5.99	-1.726506E-04	-3.422423E-04
501	6.00	-1.709468E-04	-3.389176E-04
502	6.01	-1.692623E-04	-3.356297E-04
503	6.02	-1.675969E-04	-3.323780E-04
504	6.03	-1.659504E-04	-3.291622E-04
505	6.04	-1.643225E-04	-3.259819E-04
506	6.05	-1.627131E-04	-3.228366E-04
507	6.06	-1.611218E-04	-3.197258E-04
508	6.07	-1.595484E-04	-3.166492E-04
509	6.08	-1.579927E-04	-3.136063E-04
510	6.09	-1.564546E-04	-3.105969E-04
511	6.10	-1.549337E-04	-3.076203E-04
512	6.11	-1.534298E-04	-3.046763E-04
513	6.12	-1.519428E-04	-3.017644E-04
514	6.13	-1.504724E-04	-2.988844E-04
515	6.14	-1.490185E-04	-2.960357E-04
516	6.15	-1.475807E-04	-2.932180E-04
517	6.16	-1.461589E-04	-2.904309E-04
518	6.17	-1.447530E-04	-2.876741E-04
519	6.18	-1.433626E-04	-2.849473E-04
520	6.19	-1.419877E-04	-2.822499E-04
521	6.20	-1.406280E-04	-2.795818E-04
522	6.21	-1.392833E-04	-2.769425E-04
523	6.22	-1.379535E-04	-2.743317E-04
524	6.23	-1.366383E-04	-2.717491E-04
525	6.24	-1.353376E-04	-2.691943E-04
526	6.25	-1.340512E-04	-2.666670E-04
527	6.26	-1.327789E-04	-2.641669E-04
528	6.27	-1.315206E-04	-2.616936E-04
529	6.28	-1.302761E-04	-2.592468E-04
530	6.29	-1.290451E-04	-2.568262E-04
531	6.30	-1.278276E-04	-2.544315E-04
532	6.31	-1.266234E-04	-2.520625E-04
533	6.32	-1.254323E-04	-2.497187E-04
534	6.33	-1.242541E-04	-2.473998E-04
535	6.34	-1.230887E-04	-2.451057E-04
536	6.35	-1.219360E-04	-2.428360E-04
537	6.36	-1.207957E-04	-2.405904E-04
538	6.37	-1.196678E-04	-2.383686E-04
539	6.38	-1.185520E-04	-2.361703E-04
540	6.39	-1.174483E-04	-2.339953E-04
541	6.40	-1.163565E-04	-2.318433E-04
542	6.41	-1.152764E-04	-2.297141E-04
543	6.42	-1.142079E-04	-2.276072E-04
544	6.43	-1.131508E-04	-2.255226E-04
545	6.44	-1.121051E-04	-2.234599E-04
546	6.45	-1.110705E-04	-2.214189E-04
547	6.46	-1.100470E-04	-2.193993E-04
548	6.47	-1.090344E-04	-2.174008E-04
549	6.48	-1.080326E-04	-2.154233E-04
550	6.49	-1.070415E-04	-2.134665E-04
551	6.50	-1.060608E-04	-2.115301E-04
552	6.51	-1.050906E-04	-2.096138E-04
553	6.52	-1.041306E-04	-2.077176E-04
554	6.53	-1.031808E-04	-2.058411E-04
555	6.54	-1.022411E-04	-2.039841E-04
556	6.55	-1.013112E-04	-2.021463E-04
557	6.56	-1.003911E-04	-2.003276E-04
558	6.57	-9.948071E-05	-1.985278E-04
559	6.58	-9.857987E-05	-1.967465E-04
560	6.59	-9.768848E-05	-1.949837E-04
561	6.60	-9.680642E-05	-1.932390E-04
562	6.61	-9.593358E-05	-1.915123E-04
563	6.62	-9.506986E-05	-1.898034E-04
564	6.63	-9.421515E-05	-1.881120E-04
565	6.64	-9.336934E-05	-1.864380E-04
566	6.65	-9.253233E-05	-1.847812E-04
567	6.66	-9.170401E-05	-1.831413E-04
568	6.67	-9.088428E-05	-1.815182E-04
569	6.68	-9.007304E-05	-1.799116E-04
570	6.69	-8.927019E-05	-1.783215E-04
571	6.70	-8.847564E-05	-1.767476E-04
572	6.71	-8.768928E-05	-1.751896E-04
573	6.72	-8.691102E-05	-1.736475E-04
574	6.73	-8.614077E-05	-1.721211E-04
575	6.74	-8.537843E-05	-1.706101E-04
576	6.75	-8.462391E-05	-1.691144E-04
577	6.76	-8.387712E-05	-1.676339E-04
578	6.77	-8.313797E-05	-1.661683E-04
579	6.78	-8.240637E-05	-1.647174E-04
580	6.79	-8.168223E-05	-1.632812E-04
581	6.80	-8.096548E-05	-1.618595E-04
582	6.81	-8.025601E-05	-1.604520E-04
583	6.82	-7.955376E-05	-1.590587E-04
584	6.83	-7.885863E-05	-1.576793E-04
585	6.84	-7.817055E-05	-1.563137E-04
586	6.85	-7.748942E-05	-1.549618E-04
587	6.86	-7.681519E-05	-1.536234E-04
588	6.87	-7.614775E-05	-1.522983E-04
589	6.88	-7.548705E-05	-1.509865E-04
590	6.89	-7.483299E-05	-1.496876E-04
591	6.90	-7.418551E-05	-1.484017E-04
592	6.91	-7.354452E-05	-1.471286E-04
593	6.92	-7.290996E-05	-1.458680E-04
594	6.93	-7.228176E-05	-1.446200E-04
595	6.94	-7.165983E-05	-1.433843E-04
596	6.95	-7.104411E-05	-1.421607E-04
597	6.96	-7.043453E-05	-1.409493E-04
598	6.97	-6.983103E-05	-1.397498E-04
599	6.98	-6.923352E-05	-1.385620E-04
600	6.99	-6.864194E-05	-1.373860E-04
601	7.00	-6.805623E-05	-1.362215E-04
602	7.01	-6.747632E-05	-1.350683E-04
603	7.02	-6.690215E-05	-1.339265E-04
604	7.03	-6.633365E-05	-1.327959E-04
605	7.04	-6.577075E-05	-1.316762E-04
606	7.05	-6.521340E-05	-1.305675E-04
607	7.06	-6.466153E-05	-1.294696E-04
608	7.07	-6.411509E-05	-1.283824E-04
609	7.08	-6.357400E-05	-1.273057E-04
610	7.09	-6.303822E-05	-1.262395E-04
611	7.10	-6.250767E-05	-1.251836E-04
612	7.11	-6.198232E-05	-1.241379E-04
613	7.12	-6.146209E-05	-1.231023E-04
614	7.13	-6.094693E-05	-1.220768E-04
615	7.14	-6.043678E-05	-1.210611E-04
616	7.15	-5.993159E-05	-1.200552E-04
617	7.16	-5.943130E-05	-1.190589E-04
618	7.17	-5.893587E-05	-1.180723E-04
619	7.18	-5.844523E-05	-1.170951E-04
620	7.19	-5.795934E-05	-1.161272E-04
621	7.20	-5.747813E-05	-1.151686E-04
622	7.21	-5.700157E-05	-1.142192E-04
623	7.22	-5.652959E-05	-1.132789E-04
624	7.23	-5.606216E-05	-1.123475E-04
625	7.24	-5.559921E-05	-1.114249E-04
626	7.25	-5.514071E-05	-1.105112E-04
627	7.26	-5.468660E-05	-1.096061E-04
628	7.27	-5.423683E-05	-1.087096E-04
629	7.28	-5.379136E-05	-1.078216E-04
630	7.29	-5.335014E-05	-1.069420E-04
631	7.30	-5.291312E-05	-1.060707E-04
632	7.31	-5.248027E-05	-1.052077E-04
633	7.32	-5.205153E-05	-1.043527E-04
634	7.33	-5.162685E-05	-1.035059E-04
635	7.34	-5.120621E-05	-1.026669E-04
636	7.35	-5.078954E-05	-1.018359E-04
637	7.36	-5.037682E-05	-1.010127E-04
638	7.37	-4.996799E-05	-1.001971E-04
639	7.38	-4.956302E-05	-9.938923E-05
640	7.39	-4.916186E-05	-9.858888E-05
641	7.40	-4.876447E-05	-9.779600E-05
642	7.41	-4.837082E-05	-9.701051E-05
643	7.42	-4.798086E-05	-9.623233E-05
644	7.43	-4.759456E-05	-9.546139E-05
645	7.44	-4.721187E-05	-9.469760E-05
646	7.45	-4.683275E-05	-9.394090E-05
647	7.46	-4.645718E-05	-9.319122E-05
648	7.47	-4.608510E-05	-9.244846E-05
649	7.48	-4.571649E-05	-9.171258E-05
650	7.49	-4.535131E-05	-9.098348E-05
651	7.50	-4.498951E-05	-9.026110E-05
652	7.51	-4.463108E-05	-8.954538E-05
653	7.52	-4.427596E-05	-8.883624E-05
654	7.53	-4.392412E-05	-8.813361E-05
655	7.54	-4.357554E-05	-8.743742E-05
656	7.55	-4.323017E-05	-8.674761E-05
657	7.56	-4.288799E-05	-8.606412E-05
658	7.57	-4.254895E-05	-8.538687E-05
659	7.58	-4.221303E-05	-8.471580E-05
660	7.59	-4.188020E-05	-8.405086E-05
661	7.60	-4.155041E-05	-8.339196E-05
662	7.61	-4.122364E-05	-8.273906E-05
663	7.62	-4.089987E-05	-8.209209E-05
664	7.63	-4.057905E-05	-8.145099E-05
665	7.64	-4.026115E-05	-8.081570E-05
666	7.65	-3.994615E-05	-8.018615E-05
667	7.66	-3.963402E-05	-7.956230E-05
668	7.67	-3.932472E-05	-7.894408E-05
669	7.68	-3.901823E-05	-7.833143E-05
670	7.69	-3.871452E-05	-7.772431E-05
671	7.70	-3.841356E-05	-7.712264E-05
672	7.71	-3.811531E-05	-7.652638E-05
673	7.72	-3.781976E-05	-7.593546E-05
674	7.73	-3.752688E-05	-7.534985E-05
675	7.74	-3.723663E-05	-7.476948E-05
676	7.75	-3.694900E-05	-7.419429E-05
677	7.76	-3.666395E-05	-7.362424E-05
678	7.77	-3.638145E-05	-7.305928E-05
679	7.78	-3.610149E-05	-7.249935E-05
680	7.79	-3.582404E-05	-7.194440E-05
681	7.80	-3.554906E-05	-7.139438E-05
682	7.81	-3.527654E-05	-7.084924E-05
683	7.82	-3.500645E-05	-7.030894E-05
684	7.83	-3.473877E-05	-6.977342E-05
685	7.84	-3.447346E-05	-6.924264E-05
686	7.85	-3.421052E-05	-6.871654E-05
687	7.86	-3.394990E-05	-6.819509E-05
688	7.87	-3.369160E-05	-6.767823E-05
689	7.88	-3.343558E-05	-6.716592E-05
690	7.89	-3.318182E-05	-6.665812E-05
691	7.90	-3.293031E-05	-6.615477E-05
692	7.91	-3.268101E-05	-6.565584E-05
693	7.92	-3.243391E-05	-6.516127E-05
694	7.93	-3.218899E-05	-6.467104E-05
695	7.94	-3.194621E-05	-6.418509E-05
696	7.95	-3.170557E-05	-6.370338E-05
697	7.96	-3.146703E-05	-6.322586E-05
698	7.97	-3.123058E-05	-6.275251E-05
699	7.98	-3.099620E-05	-6.228327E-05
700	7.99	-3.076387E-05	-6.181811E-05
701	8.00	-3.053356E-05	-6.135699E-05
702	8.01	-3.030526E-05	-6.089986E-05
703	8.02	-3.007894E-05	-6.044669E-05
704	8.03	-2.985460E-05	-5.999743E-05
705	8.04	-2.963219E-05	-5.955206E-05
706	8.05	-2.941172E-05	-5.911052E-05
707	8.06	-2.919316E-05	-5.867279E-05
708	8.07	-2.897648E-05	-5.823883E-05
709	8.08	-2.876168E-05	-5.780859E-05
710	8.09	-2.854873E-05	-5.738205E-05
711	8.10	-2.833761E-05	-5.695917E-05
712	8.11	-2.812832E-05	-5.653991E-05
713	8.12	-2.792082E-05	-5.612423E-05
714	8.13	-2.771510E-05	-5.571210E-05
715	8.14	-2.751114E-05	-5.530350E-05
716	8.15	-2.730894E-05	-5.489837E-05
717	8.16	-2.710846E-05	-5.449669E-05
718	8.17	-2.690969E-05	-5.409843E-05
719	8.18	-2.671263E-05	-5.370355E-05
720	8.19	-2.651724E-05	-5.331203E-05
721	8.20	-2.632351E-05	-5.292382E-05
722	8.21	-2.613143E-05	-5.253889E-05
723	8.22	-2.594099E-05	-5.215722E-05
724	8.23	-2.575215E-05	-5.177877E-05
725	8.24	-2.556492E-05	-5.140352E-05
726	8.25	-2.537928E-05	-5.103142E-05
727	8.26	-2.519520E-05	-5.066246E-05
728	8.27	-2.501267E-05	-5.029660E-05
729	8.28	-2.483169E-05	-4.993381E-05
730	8.29	-2.465223E-05	-4.957406E-05
731	8.30	-2.447428E-05	-4.921732E-05
732	8.31	-2.429782E-05	-4.886357E-05
733	8.32	-2.412285E-05	-4.851278E-05
734	8.33	-2.394934E-05	-4.816491E-05
735	8.34	-2.377729E-05	-4.781994E-05
736	8.35	-2.360667E-05	-4.747785E-05
737	8.36	-2.343748E-05	-4.713860E-05
738	8.37	-2.326970E-05	-4.680217E-05
739	8.38	-2.310332E-05	-4.646853E-05
740	8.39	-2.293832E-05	-4.613766E-05
741	8.40	-2.277470E-05	-4.580953E-05
742	8.41	-2.261243E-05	-4.548411E-05
743	8.42	-2.245151E-05	-4.516138E-05
744	8.43	-2.229193E-05	-4.484131E-05
745	8.44	-2.213366E-05	-4.452388E-05
746	8.45	-2.197670E-05	-4.420906E-05
747	8.46	-2.182104E-05	-4.389683E-05
748	8.47	-2.166666E-05	-4.358717E-05
749	8.48	-2.151356E-05	-4.328004E-05
750	8.49	-2.136171E-05	-4.297544E-05
751	8.50	-2.121111E-05	-4.267332E-05
752	8.51	-2.106175E-05	-4.237368E-05
753	8.52	-2.091361E-05	-4.207648E-05
754	8.53	-2.076669E-05	-4.178171E-05
755	8.54	-2.062096E-05	-4.148934E-05
756	8.55	-2.047643E-05	-4.119935E-05
757	8.56	-2.033308E-05	-4.091172E-05
758	8.57	-2.019089E-05	-4.062642E-05
759	8.58	-2.004987E-05	-4.034344E-05
760	8.59	-1.990999E-05	-4.006275E-05
761	8.60	-1.977124E-05	-3.978433E-05
762	8.61	-1.963362E-05	-3.950816E-05
763	8.62	-1.949712E-05	-3.923422E-05
764	8.63	-1.936172E-05	-3.896250E-05
765	8.64	-1.922742E-05	-3.869296E-05
766	8.65	-1.909420E-05	-3.842559E-05
767	8.66	-1.896206E-05	-3.816037E-05
768	8.67	-1.883098E-05	-3.789728E-05
769	8.68	-1.870096E-05	-3.763630E-05
770	8.69	-1.857198E-05	-3.737741E-05
771	8.70	-1.844404E-05	-3.712059E-05
772	8.71	-1.831713E-05	-3.686582E-05
773	8.72	-1.819123E-05	-3.661309E-05
774	8.73	-1.806634E-05	-3.636238E-05
775	8.74	-1.794245E-05	-3.611366E-05
776	8.75	-1.781954E-05	-3.586692E-05
777	8.76	-1.769762E-05	-3.562215E-05
778	8.77	-1.757667E-05	-3.537932E-05
779	8.78	-1.745668E-05	-3.513841E-05
780	8.79	-1.733765E-05	-3.489941E-05
781	8.80	-1.721956E-05	-3.466230E-05
782	8.81	-1.710241E-05	-3.442707E-05
783	8.82	-1.698618E-05	-3.419370E-05
784	8.83	-1.687088E-05	-3.396216E-05
785	8.84	-1.675649E-05	-3.373245E-05
786	8.85	-1.664300E-05	-3.350455E-05
787	8.86	-1.653040E-05	-3.327844E-05
788	8.87	-1.641870E-05	-3.305411E-05
789	8.88	-1.630787E-05	-3.283154E-05
790	8.89	-1.619791E-05	-3.261071E-05
791	8.90	-1.608882E-05	-3.239161E-05
792	8.91	-1.598058E-05	-3.217422E-05
793	8.92	-1.587320E-05	-3.195853E-05
794	8.93	-1.576665E-05	-3.174452E-05
795	8.94	-1.566093E-05	-3.153218E-05
796	8.95	-1.555604E-05	-3.132149E-05
797	8.96	-1.545197E-05	-3.111244E-05
798	8.97	-1.534871E-05	-3.090502E-05
799	8.98	-1.524625E-05	-3.069921E-05
800	8.99	-1.514459E-05	-3.049499E-05
801	9.00	-1.504372E-05	-3.029235E-05
802	9.01	-1.494363E-05	-3.009128E-05
803	9.02	-1.484432E-05	-2.989176E-05
804	9.03	-1.474578E-05	-2.969378E-05
805	9.04	-1.464800E-05	-2.949733E-05
806	9.05	-1.455097E-05	-2.930239E-05
807	9.06	-1.445469E-05	-2.910895E-05
808	9.07	-1.435916E-05	-2.891700E-05
809	9.08	-1.426436E-05	-2.872652E-05
810	9.09	-1.417028E-05	-2.853750E-05
811	9.10	-1.407694E-05	-2.834993E-05
812	9.11	-1.398430E-05	-2.816379E-05
813	9.12	-1.389238E-05	-2.797908E-05
814	9.13	-1.380116E-05	-2.779577E-05
815	9.14	-1.371064E-05	-2.761387E-05
816	9.15	-1.362081E-05	-2.743335E-05
817	9.16	-1.353167E-05	-2.725420E-05
818	9.17	-1.344321E-05	-2.707642E-05
819	9.18	-1.335541E-05	-2.689998E-05
820	9.19	-1.326829E-05	-2.672489E-05
821	9.20	-1.318183E-05	-2.655112E-05
822	9.21	-1.309603E-05	-2.637866E-05
823	9.22	-1.301088E-05	-2.620751E-05
824	9.23	-1.292637E-05	-2.603766E-05
825	9.24	-1.284250E-05	-2.586908E-05
826	9.25	-1.275926E-05	-2.570178E-05
827	9.26	-1.267666E-05	-2.553573E-05
828	9.27	-1.259467E-05	-2.537094E-05
829	9.28	-1.251331E-05	-2.520738E-05
830	9.29	-1.243255E-05	-2.504505E-05
831	9.30	-1.235241E-05	-2.488393E-05
832	9.31	-1.227286E-05	-2.472403E-05
833	9.32	-1.219392E-05	-2.456532E-05
834	9.33	-1.211556E-05	-2.440779E-05
835	9.34	-1.203779E-05	-2.425145E-05
836	9.35	-1.196060E-05	-2.409626E-05
837	9.36	-1.188399E-05	-2.394224E-05
838	9.37	-1.180795E-05	-2.378936E-05
839	9.38	-1.173248E-05	-2.363762E-05
840	9.39	-1.165757E-05	-2.348700E-05
841	9.40	-1.158321E-05	-2.333750E-05
842	9.41	-1.150941E-05	-2.318911E-05
843	9.42	-1.143616E-05	-2.304182E-05
844	9.43	-1.136345E-05	-2.289562E-05
845	9.44	-1.129128E-05	-2.275050E-05
846	9.45	-1.121964E-05	-2.260645E-05
847	9.46	-1.114853E-05	-2.246346E-05
848	9.47	-1.107795E-05	-2.232152E-05
849	9.48	-1.100789E-05	-2.218063E-05
850	9.49	-1.093834E-05	-2.204077E-05
851	9.50	-1.086931E-05	-2.190194E-05
852	9.51	-1.080078E-05	-2.176413E-05
853	9.52	-1.073276E-05	-2.162733E-05
854	9.53	-1.066524E-05	-2.149153E-05
855	9.54	-1.059821E-05	-2.135673E-05
856	9.55	-1.053167E-05	-2.122290E-05
857	9.56	-1.046562E-05	-2.109006E-05
858	9.57	-1.040005E-05	-2.095818E-05
859	9.58	-1.033496E-05	-2.082727E-05
860	9.59	-1.027035E-05	-2.069730E-05
861	9.60	-1.020620E-05	-2.056828E-05
862	9.61	-1.014252E-05	-2.044020E-05
863	9.62	-1.007931E-05	-2.031304E-05
864	9.63	-1.001655E-05	-2.018681E-05
865	9.64	-9.954252E-06	-2.006149E-05
866	9.65	-9.892403E-06	-1.993708E-05
867	9.66	-9.831001E-06	-1.981356E-05
868	9.67	-9.770044E-06	-1.969094E-05
869	9.68	-9.709527E-06	-1.956920E-05
870	9.69	-9.649447E-06	-1.944833E-05
871	9.70	-9.589800E-06	-1.932834E-05
872	9.71	-9.530583E-06	-1.920921E-05
873	9.72	-9.471792E-06	-1.909093E-05
874	9.73	-9.413423E-06	-1.897350E-05
875	9.74	-9.355474E-06	-1.885691E-05
876	9.75	-9.297940E-06	-1.874116E-05
877	9.76	-9.240819E-06	-1.862624E-05
878	9.77	-9.184106E-06	-1.851213E-05
879	9.78	-9.127799E-06	-1.839884E-05
880	9.79	-9.071894E-06	-1.828636E-05
881	9.80	-9.016388E-06	-1.817468E-05
882	9.81	-8.961278E-06	-1.806379E-05
883	9.82	-8.906561E-06	-1.795369E-05
884	9.83	-8.852233E-06	-1.784437E-05
885	9.84	-8.798290E-06	-1.773583E-05
886	9.85	-8.744731E-06	-1.762806E-05
887	9.86	-8.691552E-06	-1.752105E-05
888	9.87	-8.638750E-06	-1.741479E-05
889	9.88	-8.586322E-06	-1.730929E-05
890	9.89	-8.534264E-06	-1.720453E-05
891	9.90	-8.482574E-06	-1.710051E-05
892	9.91	-8.431249E-06	-1.699722E-05
893	9.92	-8.380286E-06	-1.689466E-05
894	9.93	-8.329682E-06	-1.679282E-05
895	9.94	-8.279433E-06	-1.669169E-05
896	9.95	-8.229538E-06	-1.659128E-05
897	9.96	-8.179994E-06	-1.649156E-05
898	9.97	-8.130797E-06	-1.639255E-05
899	9.98	-8.081945E-06	-1.629423E-05
900	9.99	-8.033435E-06	-1.619659E-05
901	10.00	-7.985264E-06	-1.609964E-05
902	10.01	-7.937430E-06	-1.600336E-05
903	10.02	-7.889930E-06	-1.590776E-05
904	10.03	-7.842761E-06	-1.581281E-05
905	10.04	-7.795920E-06	-1.571853E-05
906	10.05	-7.749406E-06	-1.562491E-05
907	10.06	-7.703215E-06	-1.553193E-05
908	10.07	-7.657345E-06	-1.543960E-05
909	10.08	-7.611793E-06	-1.534790E-05
910	10.09	-7.566557E-06	-1.525685E-05
911	10.10	-7.521634E-06	-1.516642E-05
912	10.11	-7.477023E-06	-1.507661E-05
913	10.12	-7.432719E-06	-1.498743E-05
914	10.13	-7.388721E-06	-1.489886E-05
915	10.14	-7.345027E-06	-1.481090E-05
916	10.15	-7.301634E-06	-1.472354E-05
917	10.16	-7.258540E-06	-1.463678E-05
918	10.17	-7.215742E-06	-1.455062E-05
919	10.18	-7.173239E-06	-1.446505E-05
920	10.19	-7.131027E-06	-1.438007E-05
921	10.20	-7.089104E-06	-1.429567E-05
922	10.21	-7.047469E-06	-1.421184E-05
923	10.22	-7.006119E-06	-1.412859E-05
924	10.23	-6.965051E-06	-1.404591E-05
925	10.24	-6.924264E-06	-1.396379E-05
926	10.25	-6.883756E-06	-1.388223E-05
927	10.26	-6.843523E-06	-1.380122E-05
928	10.27	-6.803565E-06	-1.372077E-05
929	10.28	-6.763879E-06	-1.364086E-05
930	10.29	-6.724462E-06	-1.356149E-05
931	10.30	-6.685313E-06	-1.348267E-05
932	10.31	-6.646430E-06	-1.340437E-05
933	10.32	-6.607810E-06	-1.332661E-05
934	10.33	-6.569452E-06	-1.324937E-05
935	10.34	-6.531353E-06	-1.317265E-05
936	10.35	-6.493512E-06	-1.309645E-05
937	10.36	-6.455926E-06	-1.302076E-05
938	10.37	-6.418594E-06	-1.294559E-05
939	10.38	-6.381513E-06	-1.287092E-05
940	10.39	-6.344682E-06	-1.279675E-05
941	10.40	-6.308099E-06	-1.272307E-05
942	10.41	-6.271762E-06	-1.264990E-05
943	10.42	-6.235669E-06	-1.257721E-05
944	10.43	-6.199817E-06	-1.250501E-05
945	10.44	-6.164206E-06	-1.243329E-05
946	10.45	-6.128834E-06	-1.236206E-05
947	10.46	-6.093698E-06	-1.229129E-05
948	10.47	-6.058797E-06	-1.222100E-05
949	10.48	-6.024128E-06	-1.215118E-05
950	10.49	-5.989691E-06	-1.208182E-05
951	10.50	-5.955483E-06	-1.201293E-05
952	10.51	-5.921503E-06	-1.194449E-05
953	10.52	-5.887749E-06	-1.187650E-05
954	10.53	-5.854220E-06	-1.180897E-05
955	10.54	-5.820913E-06	-1.174188E-05
956	10.55	-5.787826E-06	-1.167524E-05
957	10.56	-5.754959E-06	-1.160904E-05
958	10.57	-5.722309E-06	-1.154328E-05
959	10.58	-5.689876E-06	-1.147795E-05
960	10.59	-5.657656E-06	-1.141305E-05
961	10.60	-5.625649E-06	-1.134858E-05
962	10.61	-5.593854E-06	-1.128453E-05
963	10.62	-5.562267E-06	-1.122091E-05
964	10.63	-5.530889E-06	-1.115770E-05
965	10.64	-5.499717E-06	-1.109491E-05
966	10.65	-5.468750E-06	-1.103252E-05
967	10.66	-5.437985E-06	-1.097055E-05
968	10.67	-5.407423E-06	-1.090898E-05
969	10.68	-5.377061E-06	-1.084782E-05
970	10.69	-5.346897E-06	-1.078706E-05
971	10.70	-5.316931E-06	-1.072669E-05
972	10.71	-5.287161E-06	-1.066671E-05
973	10.72	-5.257584E-06	-1.060713E-05
974	10.73	-5.228201E-06	-1.054793E-05
975	10.74	-5.199009E-06	-1.048912E-05
976	10.75	-5.170007E-06	-1.043070E-05
977	10.76	-5.141194E-06	-1.037265E-05
978	10.77	-5.112567E-06	-1.031497E-05
979	10.78	-5.084127E-06	-1.025767E-05
980	10.79	-5.055871E-06	-1.020075E-05
981	10.80	-5.027798E-06	-1.014418E-05
982	10.81	-4.999906E-06	-1.008799E-05
983	10.82	-4.972195E-06	-1.003216E-05
984	10.83	-4.944663E-06	-9.976686E-06
985	10.84	-4.917309E-06	-9.921571E-06
986	10.85	-4.890131E-06	-9.866812E-06
987	10.86	-4.863128E-06	-9.812404E-06
988	10.87	-4.836299E-06	-9.758346E-06
989	10.88	-4.809643E-06	-9.704635E-06
990	10.89	-4.783158E-06	-9.651269E-06
991	10.90	-4.756842E-06	-9.598244E-06
992	10.91	-4.730696E-06	-9.545559E-06
993	10.92	-4.704717E-06	-9.493211E-06
994	10.93	-4.678904E-06	-9.441198E-06
995	10.94	-4.653257E-06	-9.389517E-06
996	10.95	-4.627773E-06	-9.338165E-06
997	10.96	-4.602452E-06	-9.287141E-06
998	10.97	-4.577292E-06	-9.236441E-06
999	10.98	-4.552293E-06	-9.186064E-06
1000	10.99	-4.527453E-06	-9.136008E-06
1001	11.00	-4.502771E-06	-9.086269E-06
1002	11.01	-4.478246E-06	-9.036845E-06
1003	11.02	-4.453876E-06	-8.987735E-06
1004	11.03	-4.429661E-06	-8.938936E-06
1005	11.04	-4.405600E-06	-8.890446E-06
1006	11.05	-4.381690E-06	-8.842262E-06
1007	11.06	-4.357932E-06	-8.794383E-06
1008	11.07	-4.334325E-06	-8.746806E-06
1009	11.08	-4.310866E-06	-8.699528E-06
1010	11.09	-4.287555E-06	-8.652549E-06
1011	11.10	-4.264392E-06	-8.605865E-06
1012	11.11	-4.241374E-06	-8.559475E-06
1013	11.12	-4.218501E-06	-8.513376E-06
1014	11.13	-4.195771E-06	-8.467566E-06
1015	11.14	-4.173185E-06	-8.422044E-06
1016	11.15	-4.150740E-06	-8.376807E-06
1017	11.16	-4.128436E-06	-8.331853E-06
1018	11.17	-4.106272E-06	-8.287181E-06
1019	11.18	-4.084246E-06	-8.242787E-06
1020	11.19	-4.062358E-06	-8.198670E-06
1021	11.20	-4.040607E-06	-8.154829E-06
1022	11.21	-4.018991E-06	-8.111261E-06
1023	11.22	-3.997511E-06	-8.067964E-06
1024	11.23	-3.976164E-06	-8.024937E-06
1025	11.24	-3.954950E-06	-7.982177E-06
1026	11.25	-3.933868E-06	-7.939682E-06
1027	11.26	-3.912917E-06	-7.897452E-06
1028	11.27	-3.892096E-06	-7.855482E-06
1029	11.28	-3.871404E-06	-7.813773E-06
1030	11.29	-3.850840E-06	-7.772322E-06
1031	11.30	-3.830404E-06	-7.731128E-06
1032	11.31	-3.810094E-06	-7.690187E-06
1033	11.32	-3.789910E-06	-7.649500E-06
1034	11.33	-3.769850E-06	-7.609063E-06
1035	11.34	-3.749914E-06	-7.568875E-06
1036	11.35	-3.730101E-06	-7.528935E-06
1037	11.36	-3.710410E-06	-7.489240E-06
1038	11.37	-3.690840E-06	-7.449790E-06
1039	11.38	-3.671391E-06	-7.410581E-06
1040	11.39	-3.652061E-06	-7.371613E-06
1041	11.40	-3.632850E-06	-7.332884E-06
1042	11.41	-3.613756E-06	-7.294392E-06
1043	11.42	-3.594779E-06	-7.256136E-06
1044	11.43	-3.575919E-06	-7.218113E-06
1045	11.44	-3.557174E-06	-7.180322E-06
1046	11.45	-3.538543E-06	-7.142762E-06
1047	11.46	-3.520027E-06	-7.105432E-06
1048	11.47	-3.501623E-06	-7.068328E-06
1049	11.48	-3.483331E-06	-7.031450E-06
1050	11.49	-3.465151E-06	-6.994797E-06
1051	11.50	-3.447081E-06	-6.958366E-06
1052	11.51	-3.429121E-06	-6.922156E-06
1053	11.52	-3.411271E-06	-6.886166E-06
1054	11.53	-3.393528E-06	-6.850395E-06
1055	11.54	-3.375893E-06	-6.814839E-06
1056	11.55	-3.358365E-06	-6.779499E-06
1057	11.56	-3.340944E-06	-6.744372E-06
1058	11.57	-3.323627E-06	-6.709458E-06
1059	11.58	-3.306415E-06	-6.674754E-06
1060	11.59	-3.289307E-06	-6.640259E-06
1061	11.60	-3.272302E-06	-6.605972E-06
1062	11.61	-3.255400E-06	-6.571892E-06
1063	11.62	-3.238599E-06	-6.538016E-06
1064	11.63	-3.221900E-06	-6.504344E-06
1065	11.64	-3.205301E-06	-6.470874E-06
1066	11.65	-3.188801E-06	-6.437605E-06
1067	11.66	-3.172401E-06	-6.404535E-06
1068	11.67	-3.156099E-06	-6.371663E-06
1069	11.68	-3.139894E-06	-6.338988E-06
1070	11.69	-3.123787E-06	-6.306508E-06
1071	11.70	-3.107776E-06	-6.274222E-06
1072	11.71	-3.091860E-06	-6.242129E-06
1073	11.72	-3.076040E-06	-6.210227E-06
1074	11.73	-3.060314E-06	-6.178515E-06
1075	11.74	-3.044681E-06	-6.146992E-06
1076	11.75	-3.029142E-06	-6.115656E-06
1077	11.76	-3.013695E-06	-6.084507E-06
1078	11.77	-2.998340E-06	-6.053542E-06
1079	11.78	-2.983077E-06	-6.022761E-06
1080	11.79	-2.967903E-06	-5.992163E-06
1081	11.80	-2.952820E-06	-5.961745E-06
1082	11.81	-2.937826E-06	-5.931508E-06
1083	11.82	-2.922921E-06	-5.901449E-06
1084	11.83	-2.908104E-06	-5.871568E-06
1085	11.84	-2.893375E-06	-5.841864E-06
1086	11.85	-2.878733E-06	-5.812334E-06
1087	11.86	-2.864177E-06	-5.782979E-06
1088	11.87	-2.849706E-06	-5.753796E-06
1089	11.88	-2.835321E-06	-5.724785E-06
1090	11.89	-2.821021E-06	-5.695944E-06
1091	11.90	-2.806805E-06	-5.667273E-06
1092	11.91	-2.792672E-06	-5.638770E-06
1093	11.92	-2.778622E-06	-5.610434E-06
1094	11.93	-2.764655E-06	-5.582264E-06
1095	11.94	-2.750769E-06	-5.554259E-06
1096	11.95	-2.736965E-06	-5.526418E-06
1097	11.96	-2.723242E-06	-5.498739E-06
1098	11.97	-2.709598E-06	-5.471222E-06
1099	11.98	-2.696035E-06	-5.443865E-06
1100	11.99	-2.682550E-06	-5.416668E-06
1101	12.00	-2.669145E-06	-5.389629E-06
1102	12.01	-2.655817E-06	-5.362748E-06
1103	12.02	-2.642567E-06	-5.336023E-06
1104	12.03	-2.629394E-06	-5.309453E-06
1105	12.04	-2.616297E-06	-5.283037E-06
1106	12.05	-2.603277E-06	-5.256775E-06
1107	12.06	-2.590332E-06	-5.230665E-06
1108	12.07	-2.577462E-06	-5.204705E-06
1109	12.08	-2.564667E-06	-5.178896E-06
1110	12.09	-2.551946E-06	-5.153237E-06
1111	12.10	-2.539298E-06	-5.127725E-06
1112	12.11	-2.526723E-06	-5.102361E-06
1113	12.12	-2.514221E-06	-5.077142E-06
1114	12.13	-2.501791E-06	-5.052070E-06
1115	12.14	-2.489433E-06	-5.027141E-06
1116	12.15	-2.477146E-06	-5.002356E-06
1117	12.16	-2.464930E-06	-4.977713E-06
1118	12.17	-2.452783E-06	-4.953212E-06
1119	12.18	-2.440707E-06	-4.928851E-06
1120	12.19	-2.428700E-06	-4.904630E-06
1121	12.20	-2.416762E-06	-4.880548E-06
1122	12.21	-2.404892E-06	-4.856604E-06
1123	12.22	-2.393090E-06	-4.832796E-06
1124	12.23	-2.381356E-06	-4.809125E-06
1125	12.24	-2.369689E-06	-4.785588E-06
1126	12.25	-2.358088E-06	-4.762186E-06
1127	12.26	-2.346554E-06	-4.738918E-06
1128	12.27	-2.335085E-06	-4.715782E-06
1129	12.28	-2.323682E-06	-4.692777E-06
1130	12.29	-2.312344E-06	-4.669904E-06
1131	12.30	-2.301070E-06	-4.647160E-06
1132	12.31	-2.289860E-06	-4.624546E-06
1133	12.32	-2.278714E-06	-4.602059E-06
1134	12.33	-2.267631E-06	-4.579700E-06
1135	12.34	-2.256611E-06	-4.557468E-06
1136	12.35	-2.245653E-06	-4.535362E-06
1137	12.36	-2.234758E-06	-4.513381E-06
1138	12.37	-2.223924E-06	-4.491523E-06
1139	12.38	-2.213151E-06	-4.469790E-06
1140	12.39	-2.202440E-06	-4.448178E-06
1141	12.40	-2.191788E-06	-4.426689E-06
1142	12.41	-2.181197E-06	-4.405321E-06
1143	12.42	-2.170665E-06	-4.384072E-06
1144	12.43	-2.160193E-06	-4.362944E-06
1145	12.44	-2.149779E-06	-4.341934E-06
1146	12.45	-2.139424E-06	-4.321042E-06
1147	12.46	-2.129128E-06	-4.300267E-06
1148	12.47	-2.118889E-06	-4.279608E-06
1149	12.48	-2.108707E-06	-4.259066E-06
1150	12.49	-2.098582E-06	-4.238638E-06
1151	12.50	-2.088514E-06	-4.218324E-06
1152	12.51	-2.078503E-06	-4.198124E-06
1153	12.52	-2.068547E-06	-4.178037E-06
1154	12.53	-2.058647E-06	-4.158061E-06
1155	12.54	-2.048802E-06	-4.138198E-06
1156	12.55	-2.039012E-06	-4.118444E-06
1157	12.56	-2.029277E-06	-4.098801E-06
1158	12.57	-2.019596E-06	-4.079266E-06
1159	12.58	-2.009969E-06	-4.059841E-06
1160	12.59	-2.000395E-06	-4.040523E-06
1161	12.60	-1.990874E-06	-4.021312E-06
1162	12.61	-1.981406E-06	-4.002208E-06
1163	12.62	-1.971991E-06	-3.983210E-06
1164	12.63	-1.962628E-06	-3.964316E-06
1165	12.64	-1.953316E-06	-3.945527E-06
1166	12.65	-1.944056E-06	-3.926842E-06
1167	12.66	-1.934848E-06	-3.908260E-06
1168	12.67	-1.925690E-06	-3.889781E-06
1169	12.68	-1.916583E-06	-3.871404E-06
1170	12.69	-1.907526E-06	-3.853127E-06
1171	12.70	-1.898518E-06	-3.834952E-06
1172	12.71	-1.889561E-06	-3.816876E-06
1173	12.72	-1.880653E-06	-3.798899E-06
1174	12.73	-1.871793E-06	-3.781022E-06
1175	12.74	-1.862983E-06	-3.763242E-06
1176	12.75	-1.854220E-06	-3.745560E-06
1177	12.76	-1.845506E-06	-3.727974E-06
1178	12.77	-1.836839E-06	-3.710485E-06
1179	12.78	-1.828220E-06	-3.693092E-06
1180	12.79	-1.819648E-06	-3.675793E-06
1181	12.80	-1.811123E-06	-3.658589E-06
1182	12.81	-1.802645E-06	-3.641479E-06
1183	12.82	-1.794213E-06	-3.624462E-06
1184	12.83	-1.785826E-06	-3.607538E-06
1185	12.84	-1.777486E-06	-3.590706E-06
1186	12.85	-1.769191E-06	-3.573966E-06
1187	12.86	-1.760941E-06	-3.557316E-06
1188	12.87	-1.752735E-06	-3.540757E-06
1189	12.88	-1.744575E-06	-3.524288E-06
1190	12.89	-1.736459E-06	-3.507908E-06
1191	12.90	-1.728386E-06	-3.491617E-06
1192	12.91	-1.720358E-06	-3.475414E-06
1193	12.92	-1.712373E-06	-3.459299E-06
1194	12.93	-1.704431E-06	-3.443271E-06
1195	12.94	-1.696532E-06	-3.427329E-06
1196	12.95	-1.688676E-06	-3.411473E-06
1197	12.96	-1.680862E-06	-3.395703E-06
1198	12.97	-1.673091E-06	-3.380018E-06
1199	12.98	-1.665361E-06	-3.364418E-06
1200	12.99	-1.657673E-06	-3.348901E-06
