# DATE: 2024-07-07  UNITS: metal  CONTRIBUTOR: By STUDENT			
# FHEP: Temp 77 [K], mr 0.666666666666667 [g/mol], Sigma 2.765 [A], Epsilon 0.0023712358386385 [eV]			
			
ENTRY			
N 1200 R 1.0 12.99			
			
1	1.00	1.165120E+04	1.449008E+05
2	1.01	1.016866E+04	1.250219E+05
3	1.02	8.887116E+03	1.080322E+05
4	1.03	7.777685E+03	9.348876E+04
5	1.04	6.815861E+03	8.102013E+04
6	1.05	5.980822E+03	7.031403E+04
7	1.06	5.254844E+03	6.110759E+04
8	1.07	4.622822E+03	5.317915E+04
9	1.08	4.071858E+03	4.634149E+04
10	1.09	3.590923E+03	4.043620E+04
11	1.10	3.170575E+03	3.532909E+04
12	1.11	2.802715E+03	3.090625E+04
13	1.12	2.480388E+03	2.707087E+04
14	1.13	2.197612E+03	2.374056E+04
15	1.14	1.949236E+03	2.084506E+04
16	1.15	1.730818E+03	1.832442E+04
17	1.16	1.538521E+03	1.612736E+04
18	1.17	1.369029E+03	1.420999E+04
19	1.18	1.219470E+03	1.253469E+04
20	1.19	1.087354E+03	1.106916E+04
21	1.20	9.705211E+02	9.785643E+03
22	1.21	8.670926E+02	8.660235E+03
23	1.22	7.754350E+02	7.672349E+03
24	1.23	6.941251E+02	6.804215E+03
25	1.24	6.219216E+02	6.040482E+03
26	1.25	5.577408E+02	5.367872E+03
27	1.26	5.006354E+02	4.774884E+03
28	1.27	4.497764E+02	4.251548E+03
29	1.28	4.044375E+02	3.789207E+03
30	1.29	3.639819E+02	3.380339E+03
31	1.30	3.278504E+02	3.018400E+03
32	1.31	2.955516E+02	2.697688E+03
33	1.32	2.666533E+02	2.413232E+03
34	1.33	2.407747E+02	2.160694E+03
35	1.34	2.175804E+02	1.936281E+03
36	1.35	1.967742E+02	1.736677E+03
37	1.36	1.780945E+02	1.558978E+03
38	1.37	1.613103E+02	1.400636E+03
39	1.38	1.462169E+02	1.259419E+03
40	1.39	1.326332E+02	1.133365E+03
41	1.40	1.203984E+02	1.020748E+03
42	1.41	1.093701E+02	9.200508E+02
43	1.42	9.942165E+01	8.299363E+02
44	1.43	9.044059E+01	7.492256E+02
45	1.44	8.232681E+01	6.768786E+02
46	1.45	7.499118E+01	6.119766E+02
47	1.46	6.835428E+01	5.537071E+02
48	1.47	6.234528E+01	5.013516E+02
49	1.48	5.690096E+01	4.542734E+02
50	1.49	5.196484E+01	4.119084E+02
51	1.50	4.748643E+01	3.737562E+02
52	1.51	4.342055E+01	3.393723E+02
53	1.52	3.972675E+01	3.083618E+02
54	1.53	3.636879E+01	2.803736E+02
55	1.54	3.331416E+01	2.550951E+02
56	1.55	3.053370E+01	2.322480E+02
57	1.56	2.800120E+01	2.115839E+02
58	1.57	2.569314E+01	1.928815E+02
59	1.58	2.358832E+01	1.759431E+02
60	1.59	2.166771E+01	1.605921E+02
61	1.60	1.991413E+01	1.466705E+02
62	1.61	1.831213E+01	1.340369E+02
63	1.62	1.684775E+01	1.225649E+02
64	1.63	1.550840E+01	1.121409E+02
65	1.64	1.428274E+01	1.026633E+02
66	1.65	1.316047E+01	9.404087E+01
67	1.66	1.213232E+01	8.619156E+01
68	1.67	1.118988E+01	7.904174E+01
69	1.68	1.032555E+01	7.252518E+01
70	1.69	9.532434E+00	6.658228E+01
71	1.70	8.804291E+00	6.115937E+01
72	1.71	8.135454E+00	5.620810E+01
73	1.72	7.520783E+00	5.168487E+01
74	1.73	6.955608E+00	4.755034E+01
75	1.74	6.435687E+00	4.376901E+01
76	1.75	5.957166E+00	4.030880E+01
77	1.76	5.516536E+00	3.714071E+01
78	1.77	5.110605E+00	3.423853E+01
79	1.78	4.736466E+00	3.157852E+01
80	1.79	4.391470E+00	2.913919E+01
81	1.80	4.073203E+00	2.690108E+01
82	1.81	3.779461E+00	2.484653E+01
83	1.82	3.508235E+00	2.295953E+01
84	1.83	3.257690E+00	2.122555E+01
85	1.84	3.026148E+00	1.963139E+01
86	1.85	2.812078E+00	1.816505E+01
87	1.86	2.614078E+00	1.681564E+01
88	1.87	2.430866E+00	1.557323E+01
89	1.88	2.261268E+00	1.442880E+01
90	1.89	2.104209E+00	1.337413E+01
91	1.90	1.958704E+00	1.240173E+01
92	1.91	1.823851E+00	1.150477E+01
93	1.92	1.698821E+00	1.067703E+01
94	1.93	1.582855E+00	9.912815E+00
95	1.94	1.475254E+00	9.206946E+00
96	1.95	1.375379E+00	8.554681E+00
97	1.96	1.282641E+00	7.951690E+00
98	1.97	1.196498E+00	7.394012E+00
99	1.98	1.116454E+00	6.878025E+00
100	1.99	1.042050E+00	6.400412E+00
101	2.00	9.728647E-01	5.958136E+00
102	2.01	9.085105E-01	5.548417E+00
103	2.02	8.486298E-01	5.168705E+00
104	2.03	7.928931E-01	4.816661E+00
105	2.04	7.409967E-01	4.490142E+00
106	2.05	6.926606E-01	4.187178E+00
107	2.06	6.476261E-01	3.905962E+00
108	2.07	6.056547E-01	3.644833E+00
109	2.08	5.665260E-01	3.402265E+00
110	2.09	5.300364E-01	3.176855E+00
111	2.10	4.959979E-01	2.967313E+00
112	2.11	4.642364E-01	2.772451E+00
113	2.12	4.345911E-01	2.591174E+00
114	2.13	4.069131E-01	2.422477E+00
115	2.14	3.810647E-01	2.265431E+00
116	2.15	3.569182E-01	2.119180E+00
117	2.16	3.343557E-01	1.982937E+00
118	2.17	3.132674E-01	1.855973E+00
119	2.18	2.935521E-01	1.737616E+00
120	2.19	2.751156E-01	1.627247E+00
121	2.20	2.578705E-01	1.524294E+00
122	2.21	2.417360E-01	1.428226E+00
123	2.22	2.266369E-01	1.338555E+00
124	2.23	2.125033E-01	1.254829E+00
125	2.24	1.992705E-01	1.176629E+00
126	2.25	1.868782E-01	1.103568E+00
127	2.26	1.752704E-01	1.035288E+00
128	2.27	1.643951E-01	9.714560E-01
129	2.28	1.542039E-01	9.117657E-01
130	2.29	1.446518E-01	8.559317E-01
131	2.30	1.356968E-01	8.036900E-01
132	2.31	1.273000E-01	7.547954E-01
133	2.32	1.194251E-01	7.090208E-01
134	2.33	1.120381E-01	6.661552E-01
135	2.34	1.051076E-01	6.260029E-01
136	2.35	9.860425E-02	5.883818E-01
137	2.36	9.250061E-02	5.531233E-01
138	2.37	8.677115E-02	5.200701E-01
139	2.38	8.139205E-02	4.890765E-01
140	2.39	7.634108E-02	4.600067E-01
141	2.40	7.159750E-02	4.327345E-01
142	2.41	6.714194E-02	4.071424E-01
143	2.42	6.295631E-02	3.831210E-01
144	2.43	5.902372E-02	3.605687E-01
145	2.44	5.532839E-02	3.393905E-01
146	2.45	5.185556E-02	3.194981E-01
147	2.46	4.859144E-02	3.008092E-01
148	2.47	4.552314E-02	2.832470E-01
149	2.48	4.263859E-02	2.667401E-01
150	2.49	3.992653E-02	2.512215E-01
151	2.50	3.737638E-02	2.366291E-01
152	2.51	3.497826E-02	2.229046E-01
153	2.52	3.272294E-02	2.099939E-01
154	2.53	3.060173E-02	1.978461E-01
155	2.54	2.860653E-02	1.864140E-01
156	2.55	2.672973E-02	1.756533E-01
157	2.56	2.496421E-02	1.655226E-01
158	2.57	2.330329E-02	1.559833E-01
159	2.58	2.174072E-02	1.469992E-01
160	2.59	2.027061E-02	1.385365E-01
161	2.60	1.888748E-02	1.305636E-01
162	2.61	1.758614E-02	1.230507E-01
163	2.62	1.636175E-02	1.159702E-01
164	2.63	1.520977E-02	1.092961E-01
165	2.64	1.412593E-02	1.030042E-01
166	2.65	1.310621E-02	9.707144E-02
167	2.66	1.214685E-02	9.147667E-02
168	2.67	1.124432E-02	8.619980E-02
169	2.68	1.039528E-02	8.122208E-02
170	2.69	9.596631E-03	7.652589E-02
171	2.70	8.845425E-03	7.209472E-02
172	2.71	8.138908E-03	6.791308E-02
173	2.72	7.474486E-03	6.396643E-02
174	2.73	6.849722E-03	6.024110E-02
175	2.74	6.262321E-03	5.672429E-02
176	2.75	5.710128E-03	5.340396E-02
177	2.76	5.191112E-03	5.026880E-02
178	2.77	4.703364E-03	4.730818E-02
179	2.78	4.245087E-03	4.451212E-02
180	2.79	3.814588E-03	4.187122E-02
181	2.80	3.410275E-03	3.937668E-02
182	2.81	3.030647E-03	3.702017E-02
183	2.82	2.674293E-03	3.479391E-02
184	2.83	2.339882E-03	3.269054E-02
185	2.84	2.026161E-03	3.070315E-02
186	2.85	1.731948E-03	2.882524E-02
187	2.86	1.456132E-03	2.705069E-02
188	2.87	1.197663E-03	2.537372E-02
189	2.88	9.555539E-04	2.378890E-02
190	2.89	7.288718E-04	2.229113E-02
191	2.90	5.167386E-04	2.087558E-02
192	2.91	3.183261E-04	1.953771E-02
193	2.92	1.328528E-04	1.827323E-02
194	2.93	-4.041779E-05	1.707813E-02
195	2.94	-2.021808E-04	1.594858E-02
196	2.95	-3.530919E-04	1.488100E-02
197	2.96	-4.937696E-04	1.387202E-02
198	2.97	-6.247977E-04	1.291843E-02
199	2.98	-7.467269E-04	1.201722E-02
200	2.99	-8.600772E-04	1.116555E-02
201	3.00	-9.653391E-04	1.036074E-02
202	3.01	-1.062976E-03	9.600262E-03
203	3.02	-1.153425E-03	8.881713E-03
204	3.03	-1.237099E-03	8.202840E-03
205	3.04	-1.314388E-03	7.561509E-03
206	3.05	-1.385659E-03	6.955706E-03
207	3.06	-1.451261E-03	6.383527E-03
208	3.07	-1.511522E-03	5.843172E-03
209	3.08	-1.566752E-03	5.332943E-03
210	3.09	-1.617243E-03	4.851231E-03
211	3.10	-1.663272E-03	4.396519E-03
212	3.11	-1.705101E-03	3.967368E-03
213	3.12	-1.742976E-03	3.562421E-03
214	3.13	-1.777131E-03	3.180394E-03
215	3.14	-1.807785E-03	2.820071E-03
216	3.15	-1.835148E-03	2.480302E-03
217	3.16	-1.859415E-03	2.160000E-03
218	3.17	-1.880773E-03	1.858135E-03
219	3.18	-1.899397E-03	1.573733E-03
220	3.19	-1.915453E-03	1.305872E-03
221	3.20	-1.929098E-03	1.053679E-03
222	3.21	-1.940479E-03	8.163285E-04
223	3.22	-1.949737E-03	5.930367E-04
224	3.23	-1.957004E-03	3.830630E-04
225	3.24	-1.962406E-03	1.857056E-04
226	3.25	-1.966059E-03	2.996244E-07
227	3.26	-1.968076E-03	-1.737847E-04
228	3.27	-1.968561E-03	-3.371441E-04
229	3.28	-1.967615E-03	-4.903439E-04
230	3.29	-1.965332E-03	-6.339197E-04
231	3.30	-1.961800E-03	-7.683794E-04
232	3.31	-1.957103E-03	-8.942041E-04
233	3.32	-1.951321E-03	-1.011850E-03
234	3.33	-1.944528E-03	-1.121749E-03
235	3.34	-1.936796E-03	-1.224312E-03
236	3.35	-1.928190E-03	-1.319927E-03
237	3.36	-1.918774E-03	-1.408963E-03
238	3.37	-1.908607E-03	-1.491768E-03
239	3.38	-1.897746E-03	-1.568676E-03
240	3.39	-1.886243E-03	-1.639999E-03
241	3.40	-1.874149E-03	-1.706036E-03
242	3.41	-1.861511E-03	-1.767070E-03
243	3.42	-1.848373E-03	-1.823369E-03
244	3.43	-1.834777E-03	-1.875188E-03
245	3.44	-1.820763E-03	-1.922768E-03
246	3.45	-1.806368E-03	-1.966337E-03
247	3.46	-1.791627E-03	-2.006115E-03
248	3.47	-1.776574E-03	-2.042306E-03
249	3.48	-1.761239E-03	-2.075106E-03
250	3.49	-1.745653E-03	-2.104701E-03
251	3.50	-1.729842E-03	-2.131268E-03
252	3.51	-1.713833E-03	-2.154973E-03
253	3.52	-1.697651E-03	-2.175976E-03
254	3.53	-1.681318E-03	-2.194426E-03
255	3.54	-1.664856E-03	-2.210467E-03
256	3.55	-1.648285E-03	-2.224235E-03
257	3.56	-1.631625E-03	-2.235857E-03
258	3.57	-1.614893E-03	-2.245458E-03
259	3.58	-1.598107E-03	-2.253152E-03
260	3.59	-1.581283E-03	-2.259049E-03
261	3.60	-1.564434E-03	-2.263254E-03
262	3.61	-1.547575E-03	-2.265866E-03
263	3.62	-1.530719E-03	-2.266980E-03
264	3.63	-1.513878E-03	-2.266684E-03
265	3.64	-1.497064E-03	-2.265064E-03
266	3.65	-1.480286E-03	-2.262199E-03
267	3.66	-1.463556E-03	-2.258166E-03
268	3.67	-1.446882E-03	-2.253037E-03
269	3.68	-1.430272E-03	-2.246882E-03
270	3.69	-1.413735E-03	-2.239765E-03
271	3.70	-1.397278E-03	-2.231748E-03
272	3.71	-1.380909E-03	-2.222890E-03
273	3.72	-1.364633E-03	-2.213246E-03
274	3.73	-1.348456E-03	-2.202870E-03
275	3.74	-1.332384E-03	-2.191810E-03
276	3.75	-1.316421E-03	-2.180116E-03
277	3.76	-1.300573E-03	-2.167831E-03
278	3.77	-1.284844E-03	-2.154999E-03
279	3.78	-1.269237E-03	-2.141659E-03
280	3.79	-1.253757E-03	-2.127851E-03
281	3.80	-1.238405E-03	-2.113610E-03
282	3.81	-1.223186E-03	-2.098971E-03
283	3.82	-1.208102E-03	-2.083966E-03
284	3.83	-1.193155E-03	-2.068627E-03
285	3.84	-1.178347E-03	-2.052982E-03
286	3.85	-1.163680E-03	-2.037059E-03
287	3.86	-1.149156E-03	-2.020885E-03
288	3.87	-1.134776E-03	-2.004485E-03
289	3.88	-1.120541E-03	-1.987881E-03
290	3.89	-1.106453E-03	-1.971095E-03
291	3.90	-1.092513E-03	-1.954150E-03
292	3.91	-1.078720E-03	-1.937064E-03
293	3.92	-1.065076E-03	-1.919857E-03
294	3.93	-1.051581E-03	-1.902546E-03
295	3.94	-1.038236E-03	-1.885147E-03
296	3.95	-1.025039E-03	-1.867678E-03
297	3.96	-1.011992E-03	-1.850151E-03
298	3.97	-9.990946E-04	-1.832582E-03
299	3.98	-9.863460E-04	-1.814984E-03
300	3.99	-9.737461E-04	-1.797369E-03
301	4.00	-9.612947E-04	-1.779749E-03
302	4.01	-9.489912E-04	-1.762135E-03
303	4.02	-9.368350E-04	-1.744537E-03
304	4.03	-9.248256E-04	-1.726965E-03
305	4.04	-9.129621E-04	-1.709429E-03
306	4.05	-9.012439E-04	-1.691936E-03
307	4.06	-8.896701E-04	-1.674496E-03
308	4.07	-8.782398E-04	-1.657114E-03
309	4.08	-8.669522E-04	-1.639800E-03
310	4.09	-8.558061E-04	-1.622558E-03
311	4.10	-8.448006E-04	-1.605396E-03
312	4.11	-8.339346E-04	-1.588319E-03
313	4.12	-8.232070E-04	-1.571332E-03
314	4.13	-8.126167E-04	-1.554441E-03
315	4.14	-8.021625E-04	-1.537650E-03
316	4.15	-7.918432E-04	-1.520964E-03
317	4.16	-7.816576E-04	-1.504386E-03
318	4.17	-7.716045E-04	-1.487920E-03
319	4.18	-7.616826E-04	-1.471570E-03
320	4.19	-7.518906E-04	-1.455338E-03
321	4.20	-7.422272E-04	-1.439228E-03
322	4.21	-7.326912E-04	-1.423242E-03
323	4.22	-7.232811E-04	-1.407383E-03
324	4.23	-7.139957E-04	-1.391652E-03
325	4.24	-7.048337E-04	-1.376052E-03
326	4.25	-6.957936E-04	-1.360585E-03
327	4.26	-6.868742E-04	-1.345252E-03
328	4.27	-6.780740E-04	-1.330054E-03
329	4.28	-6.693918E-04	-1.314993E-03
330	4.29	-6.608261E-04	-1.300070E-03
331	4.30	-6.523757E-04	-1.285285E-03
332	4.31	-6.440391E-04	-1.270640E-03
333	4.32	-6.358150E-04	-1.256136E-03
334	4.33	-6.277020E-04	-1.241772E-03
335	4.34	-6.196988E-04	-1.227549E-03
336	4.35	-6.118041E-04	-1.213468E-03
337	4.36	-6.040165E-04	-1.199528E-03
338	4.37	-5.963346E-04	-1.185730E-03
339	4.38	-5.887571E-04	-1.172074E-03
340	4.39	-5.812828E-04	-1.158560E-03
341	4.40	-5.739103E-04	-1.145187E-03
342	4.41	-5.666382E-04	-1.131955E-03
343	4.42	-5.594654E-04	-1.118865E-03
344	4.43	-5.523904E-04	-1.105914E-03
345	4.44	-5.454121E-04	-1.093104E-03
346	4.45	-5.385291E-04	-1.080434E-03
347	4.46	-5.317403E-04	-1.067903E-03
348	4.47	-5.250442E-04	-1.055510E-03
349	4.48	-5.184398E-04	-1.043254E-03
350	4.49	-5.119258E-04	-1.031136E-03
351	4.50	-5.055009E-04	-1.019154E-03
352	4.51	-4.991639E-04	-1.007308E-03
353	4.52	-4.929138E-04	-9.955957E-04
354	4.53	-4.867492E-04	-9.840175E-04
355	4.54	-4.806690E-04	-9.725720E-04
356	4.55	-4.746720E-04	-9.612585E-04
357	4.56	-4.687572E-04	-9.500758E-04
358	4.57	-4.629234E-04	-9.390231E-04
359	4.58	-4.571694E-04	-9.280993E-04
360	4.59	-4.514942E-04	-9.173033E-04
361	4.60	-4.458966E-04	-9.066342E-04
362	4.61	-4.403755E-04	-8.960908E-04
363	4.62	-4.349300E-04	-8.856721E-04
364	4.63	-4.295589E-04	-8.753770E-04
365	4.64	-4.242613E-04	-8.652043E-04
366	4.65	-4.190359E-04	-8.551529E-04
367	4.66	-4.138819E-04	-8.452217E-04
368	4.67	-4.087983E-04	-8.354096E-04
369	4.68	-4.037840E-04	-8.257154E-04
370	4.69	-3.988381E-04	-8.161379E-04
371	4.70	-3.939595E-04	-8.066760E-04
372	4.71	-3.891474E-04	-7.973285E-04
373	4.72	-3.844007E-04	-7.880943E-04
374	4.73	-3.797187E-04	-7.789722E-04
375	4.74	-3.751002E-04	-7.699610E-04
376	4.75	-3.705445E-04	-7.610595E-04
377	4.76	-3.660506E-04	-7.522666E-04
378	4.77	-3.616177E-04	-7.435811E-04
379	4.78	-3.572448E-04	-7.350018E-04
380	4.79	-3.529311E-04	-7.265276E-04
381	4.80	-3.486758E-04	-7.181573E-04
382	4.81	-3.444780E-04	-7.098898E-04
383	4.82	-3.403370E-04	-7.017238E-04
384	4.83	-3.362518E-04	-6.936583E-04
385	4.84	-3.322217E-04	-6.856920E-04
386	4.85	-3.282459E-04	-6.778239E-04
387	4.86	-3.243236E-04	-6.700528E-04
388	4.87	-3.204540E-04	-6.623777E-04
389	4.88	-3.166364E-04	-6.547972E-04
390	4.89	-3.128701E-04	-6.473105E-04
391	4.90	-3.091542E-04	-6.399162E-04
392	4.91	-3.054881E-04	-6.326135E-04
393	4.92	-3.018711E-04	-6.254010E-04
394	4.93	-2.983024E-04	-6.182779E-04
395	4.94	-2.947814E-04	-6.112429E-04
396	4.95	-2.913073E-04	-6.042950E-04
397	4.96	-2.878795E-04	-5.974332E-04
398	4.97	-2.844973E-04	-5.906565E-04
399	4.98	-2.811601E-04	-5.839637E-04
400	4.99	-2.778672E-04	-5.773538E-04
401	5.00	-2.746180E-04	-5.708259E-04
402	5.01	-2.714118E-04	-5.643789E-04
403	5.02	-2.682481E-04	-5.580117E-04
404	5.03	-2.651262E-04	-5.517235E-04
405	5.04	-2.620455E-04	-5.455132E-04
406	5.05	-2.590054E-04	-5.393798E-04
407	5.06	-2.560054E-04	-5.333224E-04
408	5.07	-2.530449E-04	-5.273401E-04
409	5.08	-2.501232E-04	-5.214318E-04
410	5.09	-2.472399E-04	-5.155967E-04
411	5.10	-2.443944E-04	-5.098338E-04
412	5.11	-2.415861E-04	-5.041421E-04
413	5.12	-2.388146E-04	-4.985209E-04
414	5.13	-2.360792E-04	-4.929692E-04
415	5.14	-2.333795E-04	-4.874860E-04
416	5.15	-2.307150E-04	-4.820707E-04
417	5.16	-2.280852E-04	-4.767221E-04
418	5.17	-2.254895E-04	-4.714396E-04
419	5.18	-2.229275E-04	-4.662222E-04
420	5.19	-2.203987E-04	-4.610692E-04
421	5.20	-2.179026E-04	-4.559797E-04
422	5.21	-2.154388E-04	-4.509528E-04
423	5.22	-2.130067E-04	-4.459878E-04
424	5.23	-2.106061E-04	-4.410839E-04
425	5.24	-2.082363E-04	-4.362402E-04
426	5.25	-2.058970E-04	-4.314561E-04
427	5.26	-2.035877E-04	-4.267306E-04
428	5.27	-2.013081E-04	-4.220632E-04
429	5.28	-1.990576E-04	-4.174529E-04
430	5.29	-1.968359E-04	-4.128991E-04
431	5.30	-1.946426E-04	-4.084011E-04
432	5.31	-1.924772E-04	-4.039581E-04
433	5.32	-1.903394E-04	-3.995694E-04
434	5.33	-1.882288E-04	-3.952342E-04
435	5.34	-1.861450E-04	-3.909520E-04
436	5.35	-1.840877E-04	-3.867220E-04
437	5.36	-1.820563E-04	-3.825435E-04
438	5.37	-1.800507E-04	-3.784158E-04
439	5.38	-1.780704E-04	-3.743384E-04
440	5.39	-1.761150E-04	-3.703105E-04
441	5.40	-1.741843E-04	-3.663314E-04
442	5.41	-1.722779E-04	-3.624006E-04
443	5.42	-1.703954E-04	-3.585175E-04
444	5.43	-1.685365E-04	-3.546814E-04
445	5.44	-1.667008E-04	-3.508916E-04
446	5.45	-1.648882E-04	-3.471476E-04
447	5.46	-1.630981E-04	-3.434488E-04
448	5.47	-1.613304E-04	-3.397947E-04
449	5.48	-1.595847E-04	-3.361845E-04
450	5.49	-1.578606E-04	-3.326178E-04
451	5.50	-1.561580E-04	-3.290939E-04
452	5.51	-1.544765E-04	-3.256124E-04
453	5.52	-1.528158E-04	-3.221726E-04
454	5.53	-1.511756E-04	-3.187741E-04
455	5.54	-1.495557E-04	-3.154162E-04
456	5.55	-1.479557E-04	-3.120985E-04
457	5.56	-1.463754E-04	-3.088204E-04
458	5.57	-1.448146E-04	-3.055815E-04
459	5.58	-1.432729E-04	-3.023811E-04
460	5.59	-1.417500E-04	-2.992189E-04
461	5.60	-1.402458E-04	-2.960942E-04
462	5.61	-1.387600E-04	-2.930067E-04
463	5.62	-1.372923E-04	-2.899558E-04
464	5.63	-1.358425E-04	-2.869411E-04
465	5.64	-1.344103E-04	-2.839621E-04
466	5.65	-1.329955E-04	-2.810183E-04
467	5.66	-1.315979E-04	-2.781093E-04
468	5.67	-1.302172E-04	-2.752346E-04
469	5.68	-1.288532E-04	-2.723938E-04
470	5.69	-1.275056E-04	-2.695864E-04
471	5.70	-1.261743E-04	-2.668120E-04
472	5.71	-1.248590E-04	-2.640702E-04
473	5.72	-1.235596E-04	-2.613606E-04
474	5.73	-1.222757E-04	-2.586827E-04
475	5.74	-1.210072E-04	-2.560362E-04
476	5.75	-1.197539E-04	-2.534206E-04
477	5.76	-1.185156E-04	-2.508355E-04
478	5.77	-1.172920E-04	-2.482806E-04
479	5.78	-1.160830E-04	-2.457554E-04
480	5.79	-1.148884E-04	-2.432596E-04
481	5.80	-1.137080E-04	-2.407927E-04
482	5.81	-1.125416E-04	-2.383545E-04
483	5.82	-1.113890E-04	-2.359446E-04
484	5.83	-1.102500E-04	-2.335625E-04
485	5.84	-1.091245E-04	-2.312080E-04
486	5.85	-1.080122E-04	-2.288806E-04
487	5.86	-1.069131E-04	-2.265801E-04
488	5.87	-1.058268E-04	-2.243061E-04
489	5.88	-1.047534E-04	-2.220583E-04
490	5.89	-1.036924E-04	-2.198362E-04
491	5.90	-1.026440E-04	-2.176397E-04
492	5.91	-1.016077E-04	-2.154683E-04
493	5.92	-1.005836E-04	-2.133217E-04
494	5.93	-9.957134E-05	-2.111997E-04
495	5.94	-9.857089E-05	-2.091019E-04
496	5.95	-9.758207E-05	-2.070280E-04
497	5.96	-9.660471E-05	-2.049778E-04
498	5.97	-9.563867E-05	-2.029508E-04
499	5.98	-9.468381E-05	-2.009469E-04
500	5.99	-9.373997E-05	-1.989656E-04
501	6.00	-9.280701E-05	-1.970068E-04
502	6.01	-9.188479E-05	-1.950702E-04
503	6.02	-9.097317E-05	-1.931555E-04
504	6.03	-9.007202E-05	-1.912623E-04
505	6.04	-8.918119E-05	-1.893905E-04
506	6.05	-8.830056E-05	-1.875397E-04
507	6.06	-8.742999E-05	-1.857097E-04
508	6.07	-8.656936E-05	-1.839003E-04
509	6.08	-8.571853E-05	-1.821112E-04
510	6.09	-8.487738E-05	-1.803420E-04
511	6.10	-8.404578E-05	-1.785927E-04
512	6.11	-8.322362E-05	-1.768628E-04
513	6.12	-8.241076E-05	-1.751523E-04
514	6.13	-8.160710E-05	-1.734608E-04
515	6.14	-8.081252E-05	-1.717881E-04
516	6.15	-8.002689E-05	-1.701340E-04
517	6.16	-7.925011E-05	-1.684982E-04
518	6.17	-7.848206E-05	-1.668805E-04
519	6.18	-7.772264E-05	-1.652807E-04
520	6.19	-7.697172E-05	-1.636986E-04
521	6.20	-7.622921E-05	-1.621340E-04
522	6.21	-7.549500E-05	-1.605866E-04
523	6.22	-7.476898E-05	-1.590561E-04
524	6.23	-7.405105E-05	-1.575426E-04
525	6.24	-7.334111E-05	-1.560456E-04
526	6.25	-7.263906E-05	-1.545650E-04
527	6.26	-7.194479E-05	-1.531006E-04
528	6.27	-7.125822E-05	-1.516522E-04
529	6.28	-7.057924E-05	-1.502196E-04
530	6.29	-6.990775E-05	-1.488027E-04
531	6.30	-6.924368E-05	-1.474011E-04
532	6.31	-6.858692E-05	-1.460148E-04
533	6.32	-6.793737E-05	-1.446435E-04
534	6.33	-6.729496E-05	-1.432871E-04
535	6.34	-6.665960E-05	-1.419454E-04
536	6.35	-6.603119E-05	-1.406182E-04
537	6.36	-6.540965E-05	-1.393053E-04
538	6.37	-6.479489E-05	-1.380066E-04
539	6.38	-6.418684E-05	-1.367218E-04
540	6.39	-6.358540E-05	-1.354509E-04
541	6.40	-6.299050E-05	-1.341936E-04
542	6.41	-6.240205E-05	-1.329497E-04
543	6.42	-6.181998E-05	-1.317192E-04
544	6.43	-6.124421E-05	-1.305019E-04
545	6.44	-6.067467E-05	-1.292975E-04
546	6.45	-6.011126E-05	-1.281060E-04
547	6.46	-5.955393E-05	-1.269272E-04
548	6.47	-5.900259E-05	-1.257610E-04
549	6.48	-5.845717E-05	-1.246071E-04
550	6.49	-5.791761E-05	-1.234654E-04
551	6.50	-5.738382E-05	-1.223359E-04
552	6.51	-5.685575E-05	-1.212183E-04
553	6.52	-5.633331E-05	-1.201125E-04
554	6.53	-5.581645E-05	-1.190183E-04
555	6.54	-5.530509E-05	-1.179357E-04
556	6.55	-5.479916E-05	-1.168645E-04
557	6.56	-5.429861E-05	-1.158045E-04
558	6.57	-5.380337E-05	-1.147557E-04
559	6.58	-5.331337E-05	-1.137178E-04
560	6.59	-5.282855E-05	-1.126908E-04
561	6.60	-5.234885E-05	-1.116746E-04
562	6.61	-5.187421E-05	-1.106689E-04
563	6.62	-5.140456E-05	-1.096737E-04
564	6.63	-5.093985E-05	-1.086889E-04
565	6.64	-5.048002E-05	-1.077143E-04
566	6.65	-5.002501E-05	-1.067499E-04
567	6.66	-4.957477E-05	-1.057954E-04
568	6.67	-4.912922E-05	-1.048508E-04
569	6.68	-4.868833E-05	-1.039160E-04
570	6.69	-4.825204E-05	-1.029908E-04
571	6.70	-4.782028E-05	-1.020752E-04
572	6.71	-4.739301E-05	-1.011690E-04
573	6.72	-4.697018E-05	-1.002721E-04
574	6.73	-4.655173E-05	-9.938441E-05
575	6.74	-4.613761E-05	-9.850583E-05
576	6.75	-4.572777E-05	-9.763624E-05
577	6.76	-4.532215E-05	-9.677555E-05
578	6.77	-4.492072E-05	-9.592365E-05
579	6.78	-4.452342E-05	-9.508044E-05
580	6.79	-4.413020E-05	-9.424582E-05
581	6.80	-4.374102E-05	-9.341968E-05
582	6.81	-4.335582E-05	-9.260194E-05
583	6.82	-4.297457E-05	-9.179249E-05
584	6.83	-4.259721E-05	-9.099125E-05
585	6.84	-4.222370E-05	-9.019811E-05
586	6.85	-4.185400E-05	-8.941298E-05
587	6.86	-4.148806E-05	-8.863577E-05
588	6.87	-4.112584E-05	-8.786640E-05
589	6.88	-4.076729E-05	-8.710477E-05
590	6.89	-4.041238E-05	-8.635079E-05
591	6.90	-4.006105E-05	-8.560438E-05
592	6.91	-3.971328E-05	-8.486545E-05
593	6.92	-3.936902E-05	-8.413392E-05
594	6.93	-3.902822E-05	-8.340970E-05
595	6.94	-3.869086E-05	-8.269270E-05
596	6.95	-3.835688E-05	-8.198286E-05
597	6.96	-3.802626E-05	-8.128008E-05
598	6.97	-3.769894E-05	-8.058429E-05
599	6.98	-3.737491E-05	-7.989541E-05
600	6.99	-3.705411E-05	-7.921336E-05
601	7.00	-3.673651E-05	-7.853807E-05
602	7.01	-3.642208E-05	-7.786945E-05
603	7.02	-3.611078E-05	-7.720744E-05
604	7.03	-3.580257E-05	-7.655196E-05
605	7.04	-3.549742E-05	-7.590293E-05
606	7.05	-3.519529E-05	-7.526029E-05
607	7.06	-3.489615E-05	-7.462396E-05
608	7.07	-3.459997E-05	-7.399388E-05
609	7.08	-3.430671E-05	-7.336997E-05
610	7.09	-3.401635E-05	-7.275216E-05
611	7.10	-3.372884E-05	-7.214040E-05
612	7.11	-3.344416E-05	-7.153460E-05
613	7.12	-3.316227E-05	-7.093471E-05
614	7.13	-3.288314E-05	-7.034065E-05
615	7.14	-3.260675E-05	-6.975238E-05
616	7.15	-3.233306E-05	-6.916981E-05
617	7.16	-3.206204E-05	-6.859289E-05
618	7.17	-3.179366E-05	-6.802156E-05
619	7.18	-3.152789E-05	-6.745575E-05
620	7.19	-3.126471E-05	-6.689541E-05
621	7.20	-3.100409E-05	-6.634047E-05
622	7.21	-3.074599E-05	-6.579088E-05
623	7.22	-3.049039E-05	-6.524657E-05
624	7.23	-3.023727E-05	-6.470749E-05
625	7.24	-2.998658E-05	-6.417359E-05
626	7.25	-2.973832E-05	-6.364480E-05
627	7.26	-2.949244E-05	-6.312107E-05
628	7.27	-2.924894E-05	-6.260234E-05
629	7.28	-2.900777E-05	-6.208857E-05
630	7.29	-2.876891E-05	-6.157970E-05
631	7.30	-2.853234E-05	-6.107566E-05
632	7.31	-2.829804E-05	-6.057643E-05
633	7.32	-2.806597E-05	-6.008193E-05
634	7.33	-2.783612E-05	-5.959212E-05
635	7.34	-2.760846E-05	-5.910695E-05
636	7.35	-2.738296E-05	-5.862636E-05
637	7.36	-2.715961E-05	-5.815032E-05
638	7.37	-2.693838E-05	-5.767877E-05
639	7.38	-2.671924E-05	-5.721166E-05
640	7.39	-2.650218E-05	-5.674895E-05
641	7.40	-2.628717E-05	-5.629058E-05
642	7.41	-2.607419E-05	-5.583652E-05
643	7.42	-2.586322E-05	-5.538671E-05
644	7.43	-2.565423E-05	-5.494111E-05
645	7.44	-2.544721E-05	-5.449968E-05
646	7.45	-2.524213E-05	-5.406237E-05
647	7.46	-2.503898E-05	-5.362914E-05
648	7.47	-2.483773E-05	-5.319994E-05
649	7.48	-2.463836E-05	-5.277473E-05
650	7.49	-2.444086E-05	-5.235348E-05
651	7.50	-2.424520E-05	-5.193613E-05
652	7.51	-2.405136E-05	-5.152265E-05
653	7.52	-2.385932E-05	-5.111300E-05
654	7.53	-2.366907E-05	-5.070713E-05
655	7.54	-2.348058E-05	-5.030500E-05
656	7.55	-2.329384E-05	-4.990659E-05
657	7.56	-2.310883E-05	-4.951184E-05
658	7.57	-2.292553E-05	-4.912072E-05
659	7.58	-2.274393E-05	-4.873320E-05
660	7.59	-2.256399E-05	-4.834923E-05
661	7.60	-2.238572E-05	-4.796877E-05
662	7.61	-2.220908E-05	-4.759180E-05
663	7.62	-2.203407E-05	-4.721827E-05
664	7.63	-2.186066E-05	-4.684815E-05
665	7.64	-2.168884E-05	-4.648140E-05
666	7.65	-2.151859E-05	-4.611799E-05
667	7.66	-2.134990E-05	-4.575788E-05
668	7.67	-2.118275E-05	-4.540105E-05
669	7.68	-2.101712E-05	-4.504745E-05
670	7.69	-2.085300E-05	-4.469705E-05
671	7.70	-2.069037E-05	-4.434982E-05
672	7.71	-2.052922E-05	-4.400573E-05
673	7.72	-2.036952E-05	-4.366474E-05
674	7.73	-2.021128E-05	-4.332682E-05
675	7.74	-2.005446E-05	-4.299195E-05
676	7.75	-1.989907E-05	-4.266009E-05
677	7.76	-1.974507E-05	-4.233120E-05
678	7.77	-1.959246E-05	-4.200527E-05
679	7.78	-1.944123E-05	-4.168225E-05
680	7.79	-1.929135E-05	-4.136212E-05
681	7.80	-1.914282E-05	-4.104486E-05
682	7.81	-1.899562E-05	-4.073042E-05
683	7.82	-1.884974E-05	-4.041879E-05
684	7.83	-1.870517E-05	-4.010992E-05
685	7.84	-1.856188E-05	-3.980381E-05
686	7.85	-1.841987E-05	-3.950041E-05
687	7.86	-1.827913E-05	-3.919970E-05
688	7.87	-1.813964E-05	-3.890165E-05
689	7.88	-1.800139E-05	-3.860625E-05
690	7.89	-1.786437E-05	-3.831345E-05
691	7.90	-1.772856E-05	-3.802323E-05
692	7.91	-1.759395E-05	-3.773557E-05
693	7.92	-1.746053E-05	-3.745044E-05
694	7.93	-1.732830E-05	-3.716782E-05
695	7.94	-1.719722E-05	-3.688768E-05
696	7.95	-1.706731E-05	-3.661000E-05
697	7.96	-1.693853E-05	-3.633475E-05
698	7.97	-1.681089E-05	-3.606191E-05
699	7.98	-1.668436E-05	-3.579145E-05
700	7.99	-1.655895E-05	-3.552335E-05
701	8.00	-1.643463E-05	-3.525759E-05
702	8.01	-1.631140E-05	-3.499414E-05
703	8.02	-1.618925E-05	-3.473298E-05
704	8.03	-1.606816E-05	-3.447409E-05
705	8.04	-1.594813E-05	-3.421745E-05
706	8.05	-1.582914E-05	-3.396303E-05
707	8.06	-1.571119E-05	-3.371081E-05
708	8.07	-1.559426E-05	-3.346077E-05
709	8.08	-1.547834E-05	-3.321289E-05
710	8.09	-1.536342E-05	-3.296714E-05
711	8.10	-1.524950E-05	-3.272351E-05
712	8.11	-1.513657E-05	-3.248198E-05
713	8.12	-1.502460E-05	-3.224252E-05
714	8.13	-1.491361E-05	-3.200512E-05
715	8.14	-1.480356E-05	-3.176975E-05
716	8.15	-1.469447E-05	-3.153639E-05
717	8.16	-1.458631E-05	-3.130503E-05
718	8.17	-1.447907E-05	-3.107564E-05
719	8.18	-1.437276E-05	-3.084822E-05
720	8.19	-1.426735E-05	-3.062272E-05
721	8.20	-1.416285E-05	-3.039915E-05
722	8.21	-1.405923E-05	-3.017748E-05
723	8.22	-1.395650E-05	-2.995769E-05
724	8.23	-1.385465E-05	-2.973976E-05
725	8.24	-1.375366E-05	-2.952368E-05
726	8.25	-1.365352E-05	-2.930942E-05
727	8.26	-1.355424E-05	-2.909697E-05
728	8.27	-1.345580E-05	-2.888632E-05
729	8.28	-1.335819E-05	-2.867744E-05
730	8.29	-1.326140E-05	-2.847032E-05
731	8.30	-1.316543E-05	-2.826495E-05
732	8.31	-1.307028E-05	-2.806129E-05
733	8.32	-1.297592E-05	-2.785935E-05
734	8.33	-1.288235E-05	-2.765909E-05
735	8.34	-1.278957E-05	-2.746052E-05
736	8.35	-1.269757E-05	-2.726360E-05
737	8.36	-1.260635E-05	-2.706832E-05
738	8.37	-1.251588E-05	-2.687468E-05
739	8.38	-1.242617E-05	-2.668265E-05
740	8.39	-1.233721E-05	-2.649221E-05
741	8.40	-1.224899E-05	-2.630336E-05
742	8.41	-1.216151E-05	-2.611607E-05
743	8.42	-1.207475E-05	-2.593034E-05
744	8.43	-1.198872E-05	-2.574614E-05
745	8.44	-1.190340E-05	-2.556347E-05
746	8.45	-1.181879E-05	-2.538231E-05
747	8.46	-1.173487E-05	-2.520264E-05
748	8.47	-1.165166E-05	-2.502445E-05
749	8.48	-1.156912E-05	-2.484773E-05
750	8.49	-1.148728E-05	-2.467246E-05
751	8.50	-1.140610E-05	-2.449864E-05
752	8.51	-1.132559E-05	-2.432624E-05
753	8.52	-1.124575E-05	-2.415525E-05
754	8.53	-1.116656E-05	-2.398566E-05
755	8.54	-1.108802E-05	-2.381745E-05
756	8.55	-1.101013E-05	-2.365062E-05
757	8.56	-1.093287E-05	-2.348515E-05
758	8.57	-1.085624E-05	-2.332103E-05
759	8.58	-1.078024E-05	-2.315825E-05
760	8.59	-1.070486E-05	-2.299679E-05
761	8.60	-1.063009E-05	-2.283663E-05
762	8.61	-1.055594E-05	-2.267778E-05
763	8.62	-1.048238E-05	-2.252022E-05
764	8.63	-1.040942E-05	-2.236393E-05
765	8.64	-1.033706E-05	-2.220890E-05
766	8.65	-1.026528E-05	-2.205512E-05
767	8.66	-1.019408E-05	-2.190258E-05
768	8.67	-1.012345E-05	-2.175128E-05
769	8.68	-1.005340E-05	-2.160119E-05
770	8.69	-9.983910E-06	-2.145230E-05
771	8.70	-9.914981E-06	-2.130461E-05
772	8.71	-9.846606E-06	-2.115811E-05
773	8.72	-9.778781E-06	-2.101278E-05
774	8.73	-9.711499E-06	-2.086861E-05
775	8.74	-9.644758E-06	-2.072559E-05
776	8.75	-9.578551E-06	-2.058371E-05
777	8.76	-9.512873E-06	-2.044297E-05
778	8.77	-9.447720E-06	-2.030335E-05
779	8.78	-9.383087E-06	-2.016483E-05
780	8.79	-9.318969E-06	-2.002742E-05
781	8.80	-9.255362E-06	-1.989110E-05
782	8.81	-9.192261E-06	-1.975586E-05
783	8.82	-9.129661E-06	-1.962169E-05
784	8.83	-9.067558E-06	-1.948858E-05
785	8.84	-9.005947E-06	-1.935652E-05
786	8.85	-8.944824E-06	-1.922551E-05
787	8.86	-8.884184E-06	-1.909553E-05
788	8.87	-8.824023E-06	-1.896657E-05
789	8.88	-8.764337E-06	-1.883862E-05
790	8.89	-8.705122E-06	-1.871168E-05
791	8.90	-8.646373E-06	-1.858574E-05
792	8.91	-8.588086E-06	-1.846079E-05
793	8.92	-8.530256E-06	-1.833681E-05
794	8.93	-8.472881E-06	-1.821380E-05
795	8.94	-8.415955E-06	-1.809176E-05
796	8.95	-8.359475E-06	-1.797067E-05
797	8.96	-8.303436E-06	-1.785052E-05
798	8.97	-8.247836E-06	-1.773130E-05
799	8.98	-8.192669E-06	-1.761302E-05
800	8.99	-8.137932E-06	-1.749565E-05
801	9.00	-8.083622E-06	-1.737920E-05
802	9.01	-8.029734E-06	-1.726364E-05
803	9.02	-7.976264E-06	-1.714899E-05
804	9.03	-7.923209E-06	-1.703522E-05
805	9.04	-7.870566E-06	-1.692233E-05
806	9.05	-7.818330E-06	-1.681031E-05
807	9.06	-7.766499E-06	-1.669915E-05
808	9.07	-7.715068E-06	-1.658885E-05
809	9.08	-7.664033E-06	-1.647940E-05
810	9.09	-7.613392E-06	-1.637079E-05
811	9.10	-7.563141E-06	-1.626301E-05
812	9.11	-7.513277E-06	-1.615607E-05
813	9.12	-7.463796E-06	-1.604994E-05
814	9.13	-7.414694E-06	-1.594462E-05
815	9.14	-7.365969E-06	-1.584011E-05
816	9.15	-7.317618E-06	-1.573639E-05
817	9.16	-7.269636E-06	-1.563347E-05
818	9.17	-7.222020E-06	-1.553133E-05
819	9.18	-7.174769E-06	-1.542997E-05
820	9.19	-7.127877E-06	-1.532938E-05
821	9.20	-7.081343E-06	-1.522955E-05
822	9.21	-7.035163E-06	-1.513048E-05
823	9.22	-6.989333E-06	-1.503216E-05
824	9.23	-6.943852E-06	-1.493459E-05
825	9.24	-6.898716E-06	-1.483775E-05
826	9.25	-6.853921E-06	-1.474165E-05
827	9.26	-6.809466E-06	-1.464627E-05
828	9.27	-6.765347E-06	-1.455161E-05
829	9.28	-6.721560E-06	-1.445766E-05
830	9.29	-6.678104E-06	-1.436442E-05
831	9.30	-6.634976E-06	-1.427188E-05
832	9.31	-6.592172E-06	-1.418003E-05
833	9.32	-6.549690E-06	-1.408887E-05
834	9.33	-6.507527E-06	-1.399840E-05
835	9.34	-6.465681E-06	-1.390860E-05
836	9.35	-6.424148E-06	-1.381947E-05
837	9.36	-6.382926E-06	-1.373101E-05
838	9.37	-6.342012E-06	-1.364321E-05
839	9.38	-6.301404E-06	-1.355606E-05
840	9.39	-6.261099E-06	-1.346957E-05
841	9.40	-6.221095E-06	-1.338371E-05
842	9.41	-6.181388E-06	-1.329849E-05
843	9.42	-6.141977E-06	-1.321391E-05
844	9.43	-6.102858E-06	-1.312995E-05
845	9.44	-6.064031E-06	-1.304661E-05
846	9.45	-6.025491E-06	-1.296389E-05
847	9.46	-5.987236E-06	-1.288178E-05
848	9.47	-5.949265E-06	-1.280028E-05
849	9.48	-5.911574E-06	-1.271937E-05
850	9.49	-5.874161E-06	-1.263907E-05
851	9.50	-5.837025E-06	-1.255935E-05
852	9.51	-5.800162E-06	-1.248022E-05
853	9.52	-5.763571E-06	-1.240167E-05
854	9.53	-5.727248E-06	-1.232370E-05
855	9.54	-5.691193E-06	-1.224630E-05
856	9.55	-5.655402E-06	-1.216946E-05
857	9.56	-5.619873E-06	-1.209319E-05
858	9.57	-5.584605E-06	-1.201747E-05
859	9.58	-5.549594E-06	-1.194230E-05
860	9.59	-5.514840E-06	-1.186769E-05
861	9.60	-5.480339E-06	-1.179362E-05
862	9.61	-5.446089E-06	-1.172008E-05
863	9.62	-5.412090E-06	-1.164708E-05
864	9.63	-5.378337E-06	-1.157461E-05
865	9.64	-5.344830E-06	-1.150266E-05
866	9.65	-5.311566E-06	-1.143124E-05
867	9.66	-5.278544E-06	-1.136033E-05
868	9.67	-5.245761E-06	-1.128994E-05
869	9.68	-5.213215E-06	-1.122005E-05
870	9.69	-5.180904E-06	-1.115067E-05
871	9.70	-5.148827E-06	-1.108179E-05
872	9.71	-5.116982E-06	-1.101340E-05
873	9.72	-5.085366E-06	-1.094551E-05
874	9.73	-5.053977E-06	-1.087810E-05
875	9.74	-5.022815E-06	-1.081118E-05
876	9.75	-4.991877E-06	-1.074474E-05
877	9.76	-4.961160E-06	-1.067877E-05
878	9.77	-4.930664E-06	-1.061327E-05
879	9.78	-4.900387E-06	-1.054825E-05
880	9.79	-4.870326E-06	-1.048368E-05
881	9.80	-4.840480E-06	-1.041958E-05
882	9.81	-4.810848E-06	-1.035593E-05
883	9.82	-4.781427E-06	-1.029274E-05
884	9.83	-4.752215E-06	-1.023000E-05
885	9.84	-4.723212E-06	-1.016770E-05
886	9.85	-4.694415E-06	-1.010585E-05
887	9.86	-4.665822E-06	-1.004443E-05
888	9.87	-4.637433E-06	-9.983447E-06
889	9.88	-4.609245E-06	-9.922896E-06
890	9.89	-4.581257E-06	-9.862774E-06
891	9.90	-4.553466E-06	-9.803076E-06
892	9.91	-4.525873E-06	-9.743799E-06
893	9.92	-4.498474E-06	-9.684940E-06
894	9.93	-4.471269E-06	-9.626496E-06
895	9.94	-4.444255E-06	-9.568462E-06
896	9.95	-4.417432E-06	-9.510836E-06
897	9.96	-4.390797E-06	-9.453615E-06
898	9.97	-4.364350E-06	-9.396794E-06
899	9.98	-4.338088E-06	-9.340372E-06
900	9.99	-4.312010E-06	-9.284345E-06
901	10.00	-4.286116E-06	-9.228709E-06
902	10.01	-4.260402E-06	-9.173462E-06
903	10.02	-4.234868E-06	-9.118600E-06
904	10.03	-4.209513E-06	-9.064121E-06
905	10.04	-4.184335E-06	-9.010021E-06
906	10.05	-4.159332E-06	-8.956297E-06
907	10.06	-4.134504E-06	-8.902947E-06
908	10.07	-4.109848E-06	-8.849967E-06
909	10.08	-4.085363E-06	-8.797354E-06
910	10.09	-4.061049E-06	-8.745106E-06
911	10.10	-4.036903E-06	-8.693220E-06
912	10.11	-4.012925E-06	-8.641693E-06
913	10.12	-3.989113E-06	-8.590521E-06
914	10.13	-3.965465E-06	-8.539703E-06
915	10.14	-3.941981E-06	-8.489235E-06
916	10.15	-3.918659E-06	-8.439114E-06
917	10.16	-3.895498E-06	-8.389339E-06
918	10.17	-3.872496E-06	-8.339905E-06
919	10.18	-3.849653E-06	-8.290812E-06
920	10.19	-3.826967E-06	-8.242055E-06
921	10.20	-3.804436E-06	-8.193632E-06
922	10.21	-3.782061E-06	-8.145541E-06
923	10.22	-3.759838E-06	-8.097778E-06
924	10.23	-3.737768E-06	-8.050342E-06
925	10.24	-3.715849E-06	-8.003230E-06
926	10.25	-3.694080E-06	-7.956440E-06
927	10.26	-3.672460E-06	-7.909968E-06
928	10.27	-3.650987E-06	-7.863813E-06
929	10.28	-3.629660E-06	-7.817971E-06
930	10.29	-3.608479E-06	-7.772441E-06
931	10.30	-3.587441E-06	-7.727220E-06
932	10.31	-3.566547E-06	-7.682306E-06
933	10.32	-3.545795E-06	-7.637695E-06
934	10.33	-3.525183E-06	-7.593387E-06
935	10.34	-3.504711E-06	-7.549379E-06
936	10.35	-3.484378E-06	-7.505668E-06
937	10.36	-3.464182E-06	-7.462251E-06
938	10.37	-3.444122E-06	-7.419128E-06
939	10.38	-3.424198E-06	-7.376295E-06
940	10.39	-3.404409E-06	-7.333750E-06
941	10.40	-3.384752E-06	-7.291491E-06
942	10.41	-3.365228E-06	-7.249516E-06
943	10.42	-3.345836E-06	-7.207823E-06
944	10.43	-3.326573E-06	-7.166409E-06
945	10.44	-3.307440E-06	-7.125272E-06
946	10.45	-3.288435E-06	-7.084411E-06
947	10.46	-3.269558E-06	-7.043823E-06
948	10.47	-3.250807E-06	-7.003506E-06
949	10.48	-3.232181E-06	-6.963458E-06
950	10.49	-3.213680E-06	-6.923676E-06
951	10.50	-3.195302E-06	-6.884160E-06
952	10.51	-3.177046E-06	-6.844907E-06
953	10.52	-3.158912E-06	-6.805914E-06
954	10.53	-3.140899E-06	-6.767180E-06
955	10.54	-3.123006E-06	-6.728704E-06
956	10.55	-3.105231E-06	-6.690482E-06
957	10.56	-3.087575E-06	-6.652514E-06
958	10.57	-3.070035E-06	-6.614796E-06
959	10.58	-3.052612E-06	-6.577328E-06
960	10.59	-3.035304E-06	-6.540107E-06
961	10.60	-3.018110E-06	-6.503132E-06
962	10.61	-3.001030E-06	-6.466400E-06
963	10.62	-2.984062E-06	-6.429910E-06
964	10.63	-2.967207E-06	-6.393661E-06
965	10.64	-2.950462E-06	-6.357649E-06
966	10.65	-2.933828E-06	-6.321874E-06
967	10.66	-2.917303E-06	-6.286334E-06
968	10.67	-2.900886E-06	-6.251026E-06
969	10.68	-2.884577E-06	-6.215950E-06
970	10.69	-2.868375E-06	-6.181103E-06
971	10.70	-2.852279E-06	-6.146483E-06
972	10.71	-2.836289E-06	-6.112090E-06
973	10.72	-2.820402E-06	-6.077921E-06
974	10.73	-2.804620E-06	-6.043975E-06
975	10.74	-2.788941E-06	-6.010250E-06
976	10.75	-2.773363E-06	-5.976744E-06
977	10.76	-2.757888E-06	-5.943456E-06
978	10.77	-2.742513E-06	-5.910383E-06
979	10.78	-2.727238E-06	-5.877526E-06
980	10.79	-2.712062E-06	-5.844881E-06
981	10.80	-2.696984E-06	-5.812448E-06
982	10.81	-2.682004E-06	-5.780225E-06
983	10.82	-2.667121E-06	-5.748209E-06
984	10.83	-2.652335E-06	-5.716401E-06
985	10.84	-2.637644E-06	-5.684798E-06
986	10.85	-2.623048E-06	-5.653398E-06
987	10.86	-2.608546E-06	-5.622200E-06
988	10.87	-2.594138E-06	-5.591204E-06
989	10.88	-2.579822E-06	-5.560406E-06
990	10.89	-2.565599E-06	-5.529806E-06
991	10.90	-2.551467E-06	-5.499402E-06
992	10.91	-2.537425E-06	-5.469194E-06
993	10.92	-2.523474E-06	-5.439178E-06
994	10.93	-2.509612E-06	-5.409355E-06
995	10.94	-2.495839E-06	-5.379723E-06
996	10.95	-2.482154E-06	-5.350279E-06
997	10.96	-2.468557E-06	-5.321024E-06
998	10.97	-2.455046E-06	-5.291955E-06
999	10.98	-2.441622E-06	-5.263071E-06
1000	10.99	-2.428283E-06	-5.234370E-06
1001	11.00	-2.415029E-06	-5.205853E-06
1002	11.01	-2.401860E-06	-5.177516E-06
1003	11.02	-2.388774E-06	-5.149359E-06
1004	11.03	-2.375772E-06	-5.121381E-06
1005	11.04	-2.362851E-06	-5.093580E-06
1006	11.05	-2.350013E-06	-5.065955E-06
1007	11.06	-2.337256E-06	-5.038504E-06
1008	11.07	-2.324580E-06	-5.011227E-06
1009	11.08	-2.311984E-06	-4.984122E-06
1010	11.09	-2.299468E-06	-4.957188E-06
1011	11.10	-2.287031E-06	-4.930423E-06
1012	11.11	-2.274672E-06	-4.903827E-06
1013	11.12	-2.262391E-06	-4.877399E-06
1014	11.13	-2.250187E-06	-4.851136E-06
1015	11.14	-2.238060E-06	-4.825038E-06
1016	11.15	-2.226009E-06	-4.799104E-06
1017	11.16	-2.214034E-06	-4.773332E-06
1018	11.17	-2.202134E-06	-4.747722E-06
1019	11.18	-2.190308E-06	-4.722272E-06
1020	11.19	-2.178557E-06	-4.696981E-06
1021	11.20	-2.166879E-06	-4.671848E-06
1022	11.21	-2.155274E-06	-4.646871E-06
1023	11.22	-2.143741E-06	-4.622050E-06
1024	11.23	-2.132281E-06	-4.597384E-06
1025	11.24	-2.120892E-06	-4.572871E-06
1026	11.25	-2.109574E-06	-4.548511E-06
1027	11.26	-2.098326E-06	-4.524302E-06
1028	11.27	-2.087148E-06	-4.500243E-06
1029	11.28	-2.076040E-06	-4.476333E-06
1030	11.29	-2.065000E-06	-4.452571E-06
1031	11.30	-2.054029E-06	-4.428957E-06
1032	11.31	-2.043126E-06	-4.405488E-06
1033	11.32	-2.032290E-06	-4.382165E-06
1034	11.33	-2.021522E-06	-4.358985E-06
1035	11.34	-2.010820E-06	-4.335948E-06
1036	11.35	-2.000184E-06	-4.313053E-06
1037	11.36	-1.989613E-06	-4.290299E-06
1038	11.37	-1.979108E-06	-4.267685E-06
1039	11.38	-1.968667E-06	-4.245210E-06
1040	11.39	-1.958291E-06	-4.222873E-06
1041	11.40	-1.947978E-06	-4.200673E-06
1042	11.41	-1.937729E-06	-4.178609E-06
1043	11.42	-1.927543E-06	-4.156680E-06
1044	11.43	-1.917419E-06	-4.134886E-06
1045	11.44	-1.907357E-06	-4.113224E-06
1046	11.45	-1.897356E-06	-4.091695E-06
1047	11.46	-1.887417E-06	-4.070297E-06
1048	11.47	-1.877538E-06	-4.049030E-06
1049	11.48	-1.867720E-06	-4.027892E-06
1050	11.49	-1.857962E-06	-4.006883E-06
1051	11.50	-1.848263E-06	-3.986001E-06
1052	11.51	-1.838623E-06	-3.965247E-06
1053	11.52	-1.829041E-06	-3.944618E-06
1054	11.53	-1.819518E-06	-3.924115E-06
1055	11.54	-1.810053E-06	-3.903736E-06
1056	11.55	-1.800645E-06	-3.883480E-06
1057	11.56	-1.791294E-06	-3.863346E-06
1058	11.57	-1.782000E-06	-3.843335E-06
1059	11.58	-1.772762E-06	-3.823444E-06
1060	11.59	-1.763580E-06	-3.803673E-06
1061	11.60	-1.754453E-06	-3.784022E-06
1062	11.61	-1.745381E-06	-3.764488E-06
1063	11.62	-1.736364E-06	-3.745073E-06
1064	11.63	-1.727402E-06	-3.725774E-06
1065	11.64	-1.718493E-06	-3.706591E-06
1066	11.65	-1.709638E-06	-3.687523E-06
1067	11.66	-1.700836E-06	-3.668569E-06
1068	11.67	-1.692087E-06	-3.649730E-06
1069	11.68	-1.683390E-06	-3.631002E-06
1070	11.69	-1.674745E-06	-3.612387E-06
1071	11.70	-1.666153E-06	-3.593883E-06
1072	11.71	-1.657611E-06	-3.575490E-06
1073	11.72	-1.649121E-06	-3.557207E-06
1074	11.73	-1.640681E-06	-3.539032E-06
1075	11.74	-1.632292E-06	-3.520966E-06
1076	11.75	-1.623953E-06	-3.503007E-06
1077	11.76	-1.615663E-06	-3.485155E-06
1078	11.77	-1.607423E-06	-3.467409E-06
1079	11.78	-1.599232E-06	-3.449768E-06
1080	11.79	-1.591089E-06	-3.432232E-06
1081	11.80	-1.582995E-06	-3.414800E-06
1082	11.81	-1.574949E-06	-3.397471E-06
1083	11.82	-1.566951E-06	-3.380245E-06
1084	11.83	-1.558999E-06	-3.363120E-06
1085	11.84	-1.551095E-06	-3.346097E-06
1086	11.85	-1.543238E-06	-3.329174E-06
1087	11.86	-1.535427E-06	-3.312351E-06
1088	11.87	-1.527662E-06	-3.295627E-06
1089	11.88	-1.519943E-06	-3.279001E-06
1090	11.89	-1.512269E-06	-3.262474E-06
1091	11.90	-1.504641E-06	-3.246043E-06
1092	11.91	-1.497057E-06	-3.229709E-06
1093	11.92	-1.489518E-06	-3.213470E-06
1094	11.93	-1.482024E-06	-3.197327E-06
1095	11.94	-1.474573E-06	-3.181279E-06
1096	11.95	-1.467166E-06	-3.165324E-06
1097	11.96	-1.459802E-06	-3.149462E-06
1098	11.97	-1.452482E-06	-3.133694E-06
1099	11.98	-1.445204E-06	-3.118017E-06
1100	11.99	-1.437969E-06	-3.102432E-06
1101	12.00	-1.430775E-06	-3.086937E-06
1102	12.01	-1.423624E-06	-3.071533E-06
1103	12.02	-1.416515E-06	-3.056218E-06
1104	12.03	-1.409447E-06	-3.040993E-06
1105	12.04	-1.402420E-06	-3.025855E-06
1106	12.05	-1.395434E-06	-3.010806E-06
1107	12.06	-1.388489E-06	-2.995844E-06
1108	12.07	-1.381583E-06	-2.980969E-06
1109	12.08	-1.374718E-06	-2.966179E-06
1110	12.09	-1.367893E-06	-2.951476E-06
1111	12.10	-1.361107E-06	-2.936857E-06
1112	12.11	-1.354361E-06	-2.922323E-06
1113	12.12	-1.347653E-06	-2.907872E-06
1114	12.13	-1.340984E-06	-2.893505E-06
1115	12.14	-1.334354E-06	-2.879221E-06
1116	12.15	-1.327762E-06	-2.865018E-06
1117	12.16	-1.321207E-06	-2.850898E-06
1118	12.17	-1.314691E-06	-2.836858E-06
1119	12.18	-1.308212E-06	-2.822900E-06
1120	12.19	-1.301770E-06	-2.809021E-06
1121	12.20	-1.295365E-06	-2.795222E-06
1122	12.21	-1.288997E-06	-2.781502E-06
1123	12.22	-1.282666E-06	-2.767860E-06
1124	12.23	-1.276371E-06	-2.754297E-06
1125	12.24	-1.270111E-06	-2.740810E-06
1126	12.25	-1.263888E-06	-2.727401E-06
1127	12.26	-1.257700E-06	-2.714069E-06
1128	12.27	-1.251548E-06	-2.700812E-06
1129	12.28	-1.245430E-06	-2.687631E-06
1130	12.29	-1.239348E-06	-2.674525E-06
1131	12.30	-1.233300E-06	-2.661493E-06
1132	12.31	-1.227286E-06	-2.648535E-06
1133	12.32	-1.221307E-06	-2.635651E-06
1134	12.33	-1.215361E-06	-2.622840E-06
1135	12.34	-1.209450E-06	-2.610102E-06
1136	12.35	-1.203572E-06	-2.597436E-06
1137	12.36	-1.197727E-06	-2.584841E-06
1138	12.37	-1.191915E-06	-2.572318E-06
1139	12.38	-1.186136E-06	-2.559865E-06
1140	12.39	-1.180390E-06	-2.547483E-06
1141	12.40	-1.174676E-06	-2.535170E-06
1142	12.41	-1.168995E-06	-2.522927E-06
1143	12.42	-1.163346E-06	-2.510753E-06
1144	12.43	-1.157728E-06	-2.498647E-06
1145	12.44	-1.152142E-06	-2.486609E-06
1146	12.45	-1.146588E-06	-2.474639E-06
1147	12.46	-1.141064E-06	-2.462736E-06
1148	12.47	-1.135572E-06	-2.450900E-06
1149	12.48	-1.130111E-06	-2.439130E-06
1150	12.49	-1.124680E-06	-2.427427E-06
1151	12.50	-1.119280E-06	-2.415788E-06
1152	12.51	-1.113909E-06	-2.404215E-06
1153	12.52	-1.108569E-06	-2.392706E-06
1154	12.53	-1.103259E-06	-2.381262E-06
1155	12.54	-1.097978E-06	-2.369881E-06
1156	12.55	-1.092727E-06	-2.358564E-06
1157	12.56	-1.087506E-06	-2.347309E-06
1158	12.57	-1.082313E-06	-2.336118E-06
1159	12.58	-1.077149E-06	-2.324988E-06
1160	12.59	-1.072014E-06	-2.313921E-06
1161	12.60	-1.066907E-06	-2.302914E-06
1162	12.61	-1.061829E-06	-2.291969E-06
1163	12.62	-1.056779E-06	-2.281085E-06
1164	12.63	-1.051757E-06	-2.270261E-06
1165	12.64	-1.046763E-06	-2.259496E-06
1166	12.65	-1.041796E-06	-2.248791E-06
1167	12.66	-1.036857E-06	-2.238146E-06
1168	12.67	-1.031946E-06	-2.227559E-06
1169	12.68	-1.027061E-06	-2.217030E-06
1170	12.69	-1.022203E-06	-2.206560E-06
1171	12.70	-1.017373E-06	-2.196147E-06
1172	12.71	-1.012568E-06	-2.185791E-06
1173	12.72	-1.007791E-06	-2.175492E-06
1174	12.73	-1.003039E-06	-2.165250E-06
1175	12.74	-9.983137E-07	-2.155064E-06
1176	12.75	-9.936143E-07	-2.144934E-06
1177	12.76	-9.889407E-07	-2.134860E-06
1178	12.77	-9.842927E-07	-2.124841E-06
1179	12.78	-9.796702E-07	-2.114876E-06
1180	12.79	-9.750730E-07	-2.104966E-06
1181	12.80	-9.705010E-07	-2.095110E-06
1182	12.81	-9.659539E-07	-2.085308E-06
1183	12.82	-9.614317E-07	-2.075560E-06
1184	12.83	-9.569342E-07	-2.065864E-06
1185	12.84	-9.524612E-07	-2.056222E-06
1186	12.85	-9.480126E-07	-2.046631E-06
1187	12.86	-9.435883E-07	-2.037093E-06
1188	12.87	-9.391880E-07	-2.027607E-06
1189	12.88	-9.348116E-07	-2.018172E-06
1190	12.89	-9.304590E-07	-2.008789E-06
1191	12.90	-9.261301E-07	-1.999456E-06
1192	12.91	-9.218246E-07	-1.990174E-06
1193	12.92	-9.175424E-07	-1.980942E-06
1194	12.93	-9.132835E-07	-1.971760E-06
1195	12.94	-9.090476E-07	-1.962628E-06
1196	12.95	-9.048346E-07	-1.953545E-06
1197	12.96	-9.006444E-07	-1.944511E-06
1198	12.97	-8.964768E-07	-1.935526E-06
1199	12.98	-8.923317E-07	-1.926589E-06
1200	12.99	-8.882090E-07	-1.917700E-06
