 # Cumulative accessible volume distribution as a function of probe diameter
 # 
 # d(probe)                Volume Fraction
 -0.125000000       1.00000000    
  0.125000000       1.00000000    
  0.375000000       1.00000000    
  0.625000000       1.00000000    
  0.875000000       1.00000000    
   1.12500000       1.00000000    
   1.37500000       1.00000000    
   1.62500000       1.00000000    
   1.87500000       1.00000000    
   2.12500000       1.00000000    
   2.37500000       1.00000000    
   2.62500000       1.00000000    
   2.87500000       1.00000000    
   3.12500000       1.00000000    
   3.37500000      0.998068333    
   3.62500000      0.996339977    
   3.87500000      0.989426613    
   4.12500000      0.986274898    
   4.37500000      0.983326554    
   4.62500000      0.979971528    
   4.87500000      0.977124870    
   5.12500000      0.973769844    
   5.37500000      0.970414817    
   5.62500000      0.967568099    
   5.87500000      0.964009762    
   6.12500000      0.960756421    
   6.37500000      0.953741372    
   6.62500000      0.945506275    
   6.87500000      0.938592911    
   7.12500000      0.919581115    
   7.37500000      0.896299303    
   7.62500000      0.884709239    
   7.87500000      0.870374143    
   8.12500000      0.855835676    
   8.37500000      0.818828821    
   8.62500000      0.800630331    
   8.87500000      0.787108600    
   9.12500000      0.770943463    
   9.37500000      0.755185008    
   9.62500000      0.741663277    
   9.87500000      0.727226496    
   10.1250000      0.714111447    
   10.3750000      0.697133005    
   10.6250000      0.540666938    
   10.8750000       0.00000000    
   11.1250000       0.00000000    
   11.3750000       0.00000000    
   11.6250000       0.00000000    
   11.8750000       0.00000000    
   12.1250000       0.00000000    
   12.3750000       0.00000000    
   12.6250000       0.00000000    
   12.8750000       0.00000000    
   13.1250000       0.00000000    
   13.3750000       0.00000000    
   13.6250000       0.00000000    
   13.8750000       0.00000000    
   14.1250000       0.00000000    
   14.3750000       0.00000000    
   14.6250000       0.00000000    
   14.8750000       0.00000000    
   15.1250000       0.00000000    
   15.3750000       0.00000000    
   15.6250000       0.00000000    
   15.8750000       0.00000000    
   16.1250000       0.00000000    
   16.3750000       0.00000000    
   16.6250000       0.00000000    
   16.8750000       0.00000000    
   17.1250000       0.00000000    
   17.3750000       0.00000000    
   17.6250000       0.00000000    
   17.8750000       0.00000000    
   18.1250000       0.00000000    
   18.3750000       0.00000000    
   18.6250000       0.00000000    
   18.8750000       0.00000000    
   19.1250000       0.00000000    
   19.3750000       0.00000000    
   19.6250000       0.00000000    
