 # Derivative distribution function -dV(r)/dr (or -dV(d)/dd) vs d
  0.125000000      -0.00000000    
  0.375000000      -0.00000000    
  0.625000000      -0.00000000    
  0.875000000      -0.00000000    
   1.12500000      -0.00000000    
   1.37500000      -0.00000000    
   1.62500000      -0.00000000    
   1.87500000      -0.00000000    
   2.12500000      -0.00000000    
   2.37500000      -0.00000000    
   2.62500000      -0.00000000    
   2.87500000      -0.00000000    
   3.12500000       3.86333466E-03
   3.37500000       7.32004642E-03
   3.62500000       1.72834396E-02
   3.87500000       2.01301575E-02
   4.12500000       1.22001171E-02
   4.37500000       1.26067400E-02
   4.62500000       1.24033689E-02
   4.87500000       1.24033689E-02
   5.12500000       1.34201050E-02
   5.37500000       1.24034882E-02
   5.62500000       1.28101110E-02
   5.87500000       1.36233568E-02
   6.12500000       2.05367804E-02
   6.37500000       3.05002928E-02
   6.62500000       3.02969217E-02
   6.87500000       5.18503189E-02
   7.12500000       8.45872164E-02
   7.37500000       6.97437525E-02
   7.62500000       5.18503189E-02
   7.87500000       5.77471256E-02
   8.12500000      0.103090644    
   8.37500000      0.110410690    
   8.62500000       6.34404421E-02
   8.87500000       5.93737364E-02
   9.12500000       6.38471842E-02
   9.37500000       5.85603714E-02
   9.62500000       5.59170246E-02
   9.87500000       5.51036596E-02
   10.1250000       6.01869822E-02
   10.3750000      0.346889019    
   10.6250000       1.39426601    
   10.8750000       1.08133388    
   11.1250000      -0.00000000    
   11.3750000      -0.00000000    
   11.6250000      -0.00000000    
   11.8750000      -0.00000000    
   12.1250000      -0.00000000    
   12.3750000      -0.00000000    
   12.6250000      -0.00000000    
   12.8750000      -0.00000000    
   13.1250000      -0.00000000    
   13.3750000      -0.00000000    
   13.6250000      -0.00000000    
   13.8750000      -0.00000000    
   14.1250000      -0.00000000    
   14.3750000      -0.00000000    
   14.6250000      -0.00000000    
   14.8750000      -0.00000000    
   15.1250000      -0.00000000    
   15.3750000      -0.00000000    
   15.6250000      -0.00000000    
   15.8750000      -0.00000000    
   16.1250000      -0.00000000    
   16.3750000      -0.00000000    
   16.6250000      -0.00000000    
   16.8750000      -0.00000000    
   17.1250000      -0.00000000    
   17.3750000      -0.00000000    
   17.6250000      -0.00000000    
   17.8750000      -0.00000000    
   18.1250000      -0.00000000    
   18.3750000      -0.00000000    
   18.6250000      -0.00000000    
   18.8750000      -0.00000000    
   19.1250000      -0.00000000    
   19.3750000      -0.00000000    
