 # Derivative distribution function -dV(r)/dr (or -dV(d)/dd) vs d
  0.125000000      -0.00000000    
  0.375000000      -0.00000000    
  0.625000000      -0.00000000    
  0.875000000      -0.00000000    
   1.12500000      -0.00000000    
   1.37500000      -0.00000000    
   1.62500000      -0.00000000    
   1.87500000      -0.00000000    
   2.12500000      -0.00000000    
   2.37500000      -0.00000000    
   2.62500000      -0.00000000    
   2.87500000       6.09874725E-04
   3.12500000       2.64251232E-03
   3.37500000       5.28502464E-03
   3.62500000       1.60585642E-02
   3.87500000       1.84978247E-02
   4.12500000       1.32126808E-02
   4.37500000       1.40258074E-02
   4.62500000       1.13832951E-02
   4.87500000       1.23996735E-02
   5.12500000       1.36193037E-02
   5.37500000       1.15865469E-02
   5.62500000       1.26029253E-02
   5.87500000       1.72781944E-02
   6.12500000       2.19534636E-02
   6.37500000       2.58156061E-02
   6.62500000       2.66287327E-02
   6.87500000       5.00050783E-02
   7.12500000       8.82203579E-02
   7.37500000       7.58206844E-02
   7.62500000       5.42737246E-02
   7.87500000       5.61032295E-02
   8.12500000       9.77741480E-02
   8.37500000      0.106311679    
   8.62500000       6.05753660E-02
   8.87500000       5.28508425E-02
   9.12500000       6.19981289E-02
   9.37500000       6.72832727E-02
   9.62500000       5.79327345E-02
   9.87500000       5.12247086E-02
   10.1250000       6.40308857E-02
   10.3750000      0.352678180    
   10.6250000       1.39709318    
   10.8750000       1.08222377    
   11.1250000      -0.00000000    
   11.3750000      -0.00000000    
   11.6250000      -0.00000000    
   11.8750000      -0.00000000    
   12.1250000      -0.00000000    
   12.3750000      -0.00000000    
   12.6250000      -0.00000000    
   12.8750000      -0.00000000    
   13.1250000      -0.00000000    
   13.3750000      -0.00000000    
   13.6250000      -0.00000000    
   13.8750000      -0.00000000    
   14.1250000      -0.00000000    
   14.3750000      -0.00000000    
   14.6250000      -0.00000000    
   14.8750000      -0.00000000    
   15.1250000      -0.00000000    
   15.3750000      -0.00000000    
   15.6250000      -0.00000000    
   15.8750000      -0.00000000    
   16.1250000      -0.00000000    
   16.3750000      -0.00000000    
   16.6250000      -0.00000000    
   16.8750000      -0.00000000    
   17.1250000      -0.00000000    
   17.3750000      -0.00000000    
   17.6250000      -0.00000000    
   17.8750000      -0.00000000    
   18.1250000      -0.00000000    
   18.3750000      -0.00000000    
   18.6250000      -0.00000000    
   18.8750000      -0.00000000    
   19.1250000      -0.00000000    
   19.3750000      -0.00000000    
