 # Derivative distribution function -dV(r)/dr (or -dV(d)/dd) vs d
  0.125000000      -0.00000000    
  0.375000000      -0.00000000    
  0.625000000      -0.00000000    
  0.875000000      -0.00000000    
   1.12500000      -0.00000000    
   1.37500000      -0.00000000    
   1.62500000      -0.00000000    
   1.87500000      -0.00000000    
   2.12500000      -0.00000000    
   2.37500000       4.06384468E-04
   2.62500000       6.09636307E-04
   2.87500000       1.01613998E-03
   3.12500000       4.67383862E-03
   3.37500000       8.73804092E-03
   3.62500000       1.82889700E-02
   3.87500000       1.86953545E-02
   4.12500000       1.07702017E-02
   4.37500000       1.09733343E-02
   4.62500000       1.15829706E-02
   4.87500000       1.28023624E-02
   5.12500000       1.15829706E-02
   5.37500000       1.09733343E-02
   5.62500000       1.17862225E-02
   5.87500000       1.48344040E-02
   6.12500000       1.99147463E-02
   6.37500000       2.49948502E-02
   6.62500000       2.88559198E-02
   6.87500000       5.38508892E-02
   7.12500000       8.43324661E-02
   7.37500000       7.03109503E-02
   7.62500000       5.12090921E-02
   7.87500000       5.05994558E-02
   8.12500000       9.89636183E-02
   8.37500000      0.107701659    
   8.62500000       5.99471331E-02
   8.87500000       5.68990707E-02
   9.12500000       6.11664057E-02
   9.37500000       5.81182241E-02
   9.62500000       5.83214760E-02
   9.87500000       5.46636581E-02
   10.1250000       6.11664057E-02
   10.3750000      0.345864654    
   10.6250000       1.40682793    
   10.8750000       1.09855723    
   11.1250000      -0.00000000    
   11.3750000      -0.00000000    
   11.6250000      -0.00000000    
   11.8750000      -0.00000000    
   12.1250000      -0.00000000    
   12.3750000      -0.00000000    
   12.6250000      -0.00000000    
   12.8750000      -0.00000000    
   13.1250000      -0.00000000    
   13.3750000      -0.00000000    
   13.6250000      -0.00000000    
   13.8750000      -0.00000000    
   14.1250000      -0.00000000    
   14.3750000      -0.00000000    
   14.6250000      -0.00000000    
   14.8750000      -0.00000000    
   15.1250000      -0.00000000    
   15.3750000      -0.00000000    
   15.6250000      -0.00000000    
   15.8750000      -0.00000000    
   16.1250000      -0.00000000    
   16.3750000      -0.00000000    
   16.6250000      -0.00000000    
   16.8750000      -0.00000000    
   17.1250000      -0.00000000    
   17.3750000      -0.00000000    
   17.6250000      -0.00000000    
   17.8750000      -0.00000000    
   18.1250000      -0.00000000    
   18.3750000      -0.00000000    
   18.6250000      -0.00000000    
   18.8750000      -0.00000000    
   19.1250000      -0.00000000    
   19.3750000      -0.00000000    
