 # Derivative distribution function -dV(r)/dr (or -dV(d)/dd) vs d
  0.125000000      -0.00000000    
  0.375000000      -0.00000000    
  0.625000000      -0.00000000    
  0.875000000      -0.00000000    
   1.12500000      -0.00000000    
   1.37500000      -0.00000000    
   1.62500000      -0.00000000    
   1.87500000      -0.00000000    
   2.12500000      -0.00000000    
   2.37500000      -0.00000000    
   2.62500000      -0.00000000    
   2.87500000       2.03013420E-04
   3.12500000       2.43675709E-03
   3.37500000       4.87363338E-03
   3.62500000       1.48239136E-02
   3.87500000       1.84789896E-02
   4.12500000       1.21839046E-02
   4.37500000       1.11687183E-02
   4.62500000       1.25901699E-02
   4.87500000       1.07624531E-02
   5.12500000       8.32569599E-03
   5.37500000       9.95028019E-03
   5.62500000       1.23870373E-02
   5.87500000       1.54330730E-02
   6.12500000       2.13220119E-02
   6.37500000       2.84292698E-02
   6.62500000       2.70078182E-02
   6.87500000       5.03604412E-02
   7.12500000       8.54908228E-02
   7.37500000       7.14793205E-02
   7.62500000       4.71113920E-02
   7.87500000       5.21880388E-02
   8.12500000      0.102345467    
   8.37500000      0.105391383    
   8.62500000       5.64523935E-02
   8.87500000       5.56402206E-02
   9.12500000       6.39659166E-02
   9.37500000       6.13260269E-02
   9.62500000       5.50309420E-02
   9.87500000       5.21880388E-02
   10.1250000       6.45750761E-02
   10.3750000      0.349070907    
   10.6250000       1.41395068    
   10.8750000       1.10305619    
   11.1250000      -0.00000000    
   11.3750000      -0.00000000    
   11.6250000      -0.00000000    
   11.8750000      -0.00000000    
   12.1250000      -0.00000000    
   12.3750000      -0.00000000    
   12.6250000      -0.00000000    
   12.8750000      -0.00000000    
   13.1250000      -0.00000000    
   13.3750000      -0.00000000    
   13.6250000      -0.00000000    
   13.8750000      -0.00000000    
   14.1250000      -0.00000000    
   14.3750000      -0.00000000    
   14.6250000      -0.00000000    
   14.8750000      -0.00000000    
   15.1250000      -0.00000000    
   15.3750000      -0.00000000    
   15.6250000      -0.00000000    
   15.8750000      -0.00000000    
   16.1250000      -0.00000000    
   16.3750000      -0.00000000    
   16.6250000      -0.00000000    
   16.8750000      -0.00000000    
   17.1250000      -0.00000000    
   17.3750000      -0.00000000    
   17.6250000      -0.00000000    
   17.8750000      -0.00000000    
   18.1250000      -0.00000000    
   18.3750000      -0.00000000    
   18.6250000      -0.00000000    
   18.8750000      -0.00000000    
   19.1250000      -0.00000000    
   19.3750000      -0.00000000    
