 # Derivative distribution function -dV(r)/dr (or -dV(d)/dd) vs d
  0.125000000      -0.00000000    
  0.375000000      -0.00000000    
  0.625000000      -0.00000000    
  0.875000000      -0.00000000    
   1.12500000      -0.00000000    
   1.37500000      -0.00000000    
   1.62500000      -0.00000000    
   1.87500000      -0.00000000    
   2.12500000      -0.00000000    
   2.37500000      -0.00000000    
   2.62500000      -0.00000000    
   2.87500000       6.09993935E-04
   3.12500000       3.86333466E-03
   3.37500000       5.49006462E-03
   3.62500000       1.36234760E-02
   3.87500000       1.80968046E-02
   4.12500000       1.26067400E-02
   4.37500000       1.07767582E-02
   4.62500000       1.09800100E-02
   4.87500000       1.30133629E-02
   5.12500000       1.46400928E-02
   5.37500000       1.40300989E-02
   5.62500000       1.46400928E-02
   5.87500000       1.74868107E-02
   6.12500000       2.09435225E-02
   6.37500000       2.88734436E-02
   6.62500000       3.19235325E-02
   6.87500000       5.04270792E-02
   7.12500000       8.70273113E-02
   7.37500000       7.32004642E-02
   7.62500000       4.20901775E-02
   7.87500000       4.73769903E-02
   8.12500000       9.82106924E-02
   8.37500000      0.103700638    
   8.62500000       5.97804785E-02
   8.87500000       5.99837303E-02
   9.12500000       6.34403229E-02
   9.37500000       6.16104603E-02
   9.62500000       5.89671135E-02
   9.87500000       4.92069721E-02
   10.1250000       6.50670528E-02
   10.3750000      0.369865775    
   10.6250000       1.40219605    
   10.8750000       1.07625055    
   11.1250000      -0.00000000    
   11.3750000      -0.00000000    
   11.6250000      -0.00000000    
   11.8750000      -0.00000000    
   12.1250000      -0.00000000    
   12.3750000      -0.00000000    
   12.6250000      -0.00000000    
   12.8750000      -0.00000000    
   13.1250000      -0.00000000    
   13.3750000      -0.00000000    
   13.6250000      -0.00000000    
   13.8750000      -0.00000000    
   14.1250000      -0.00000000    
   14.3750000      -0.00000000    
   14.6250000      -0.00000000    
   14.8750000      -0.00000000    
   15.1250000      -0.00000000    
   15.3750000      -0.00000000    
   15.6250000      -0.00000000    
   15.8750000      -0.00000000    
   16.1250000      -0.00000000    
   16.3750000      -0.00000000    
   16.6250000      -0.00000000    
   16.8750000      -0.00000000    
   17.1250000      -0.00000000    
   17.3750000      -0.00000000    
   17.6250000      -0.00000000    
   17.8750000      -0.00000000    
   18.1250000      -0.00000000    
   18.3750000      -0.00000000    
   18.6250000      -0.00000000    
   18.8750000      -0.00000000    
   19.1250000      -0.00000000    
   19.3750000      -0.00000000    
