 # Derivative distribution function -dV(r)/dr (or -dV(d)/dd) vs d
  0.125000000      -0.00000000    
  0.375000000      -0.00000000    
  0.625000000      -0.00000000    
  0.875000000      -0.00000000    
   1.12500000      -0.00000000    
   1.37500000      -0.00000000    
   1.62500000      -0.00000000    
   1.87500000      -0.00000000    
   2.12500000      -0.00000000    
   2.37500000      -0.00000000    
   2.62500000       2.03132629E-04
   2.87500000       6.09517097E-04
   3.12500000       3.04794312E-03
   3.37500000       6.29889965E-03
   3.62500000       1.60520077E-02
   3.87500000       1.80839300E-02
   4.12500000       1.07690096E-02
   4.37500000       1.09722614E-02
   4.62500000       1.25977993E-02
   4.87500000       1.13786459E-02
   5.12500000       1.05658770E-02
   5.37500000       1.44265890E-02
   5.62500000       1.46297216E-02
   5.87500000       1.58487558E-02
   6.12500000       2.09286213E-02
   6.37500000       2.84466743E-02
   6.62500000       2.90561914E-02
   6.87500000       4.53113317E-02
   7.12500000       8.04631710E-02
   7.37500000       7.41643906E-02
   7.62500000       5.20167351E-02
   7.87500000       5.64868450E-02
   8.12500000      0.110941768    
   8.37500000      0.112364054    
   8.62500000       6.03474379E-02
   8.87500000       5.79092503E-02
   9.12500000       6.46144152E-02
   9.37500000       6.66463375E-02
   9.62500000       5.95347881E-02
   9.87500000       4.99848127E-02
   10.1250000       5.99410534E-02
   10.3750000      0.342578411    
   10.6250000       1.39429033    
   10.8750000       1.08848929    
   11.1250000      -0.00000000    
   11.3750000      -0.00000000    
   11.6250000      -0.00000000    
   11.8750000      -0.00000000    
   12.1250000      -0.00000000    
   12.3750000      -0.00000000    
   12.6250000      -0.00000000    
   12.8750000      -0.00000000    
   13.1250000      -0.00000000    
   13.3750000      -0.00000000    
   13.6250000      -0.00000000    
   13.8750000      -0.00000000    
   14.1250000      -0.00000000    
   14.3750000      -0.00000000    
   14.6250000      -0.00000000    
   14.8750000      -0.00000000    
   15.1250000      -0.00000000    
   15.3750000      -0.00000000    
   15.6250000      -0.00000000    
   15.8750000      -0.00000000    
   16.1250000      -0.00000000    
   16.3750000      -0.00000000    
   16.6250000      -0.00000000    
   16.8750000      -0.00000000    
   17.1250000      -0.00000000    
   17.3750000      -0.00000000    
   17.6250000      -0.00000000    
   17.8750000      -0.00000000    
   18.1250000      -0.00000000    
   18.3750000      -0.00000000    
   18.6250000      -0.00000000    
   18.8750000      -0.00000000    
   19.1250000      -0.00000000    
   19.3750000      -0.00000000    
